0.043745 0.153106 0.518373 0.235783 0.048994 
0.060697 0.139475 0.484718 0.261731 0.053379 
0.042192 0.739452 0.115268 0.074380 0.028708 
0.099103 0.522426 0.224690 0.115762 0.038018 
0.053686 0.205369 0.500213 0.151257 0.089476 
0.191941 0.484835 0.197574 0.085355 0.040295 
0.028907 0.035191 0.876833 0.027650 0.031420 
0.085965 0.114912 0.761404 0.025877 0.011842 
0.700891 0.013904 0.065954 0.176471 0.042781 
0.078990 0.135179 0.637622 0.071661 0.076547 
0.070257 0.074043 0.466975 0.097181 0.291544 
0.076498 0.583510 0.203570 0.045049 0.091373 
0.053350 0.126761 0.425096 0.129748 0.265045 
0.046025 0.038494 0.816736 0.066946 0.031799 
0.026361 0.011905 0.914541 0.018282 0.028912 
0.020488 0.041412 0.860506 0.047515 0.030078 
0.066929 0.135171 0.706474 0.060805 0.030621 
0.157962 0.487473 0.076008 0.082803 0.195754 
0.060685 0.415691 0.259211 0.211097 0.053316 
0.777955 0.160144 0.029952 0.018371 0.013578 
0.196103 0.744610 0.030680 0.018657 0.009950 
0.037561 0.652673 0.021211 0.227132 0.061423 
0.689828 0.237756 0.029301 0.017581 0.025534 
0.231343 0.676910 0.018876 0.052678 0.020193 
0.618971 0.326367 0.025723 0.014068 0.014871 
0.239919 0.681452 0.044355 0.019355 0.014919 
0.076923 0.808110 0.013796 0.064381 0.036789 
0.851021 0.098118 0.026832 0.012815 0.011213 
0.829608 0.101223 0.039646 0.010122 0.019401 
0.558799 0.127750 0.277073 0.014805 0.021574 
0.938767 0.022303 0.012976 0.013788 0.012165 
0.085317 0.757937 0.050794 0.057540 0.048413 
0.921457 0.026721 0.030364 0.013360 0.008097 
0.099329 0.110645 0.734283 0.029757 0.025985 
0.750729 0.151730 0.026678 0.035848 0.035015 
0.595963 0.149276 0.018660 0.163366 0.072734 
0.121066 0.624126 0.030157 0.190559 0.034091 
0.122893 0.781278 0.041704 0.036823 0.017303 
0.030253 0.052739 0.066639 0.648406 0.201962 
0.017910 0.062687 0.107889 0.308316 0.503198 
0.031732 0.121784 0.056175 0.519297 0.271012 
0.026046 0.219898 0.025192 0.431255 0.297609 
0.012134 0.041004 0.024268 0.484937 0.437657 
0.017516 0.055732 0.033439 0.228901 0.664411 
0.015944 0.028209 0.041292 0.581766 0.332788 
0.028342 0.220812 0.038071 0.617597 0.095178 
0.032090 0.064180 0.027320 0.384649 0.491761 
0.035191 0.146209 0.035191 0.328446 0.454964 
0.019462 0.022774 0.058385 0.252174 0.647205 
0.057213 0.055170 0.089089 0.487944 0.310584 
0.020658 0.053963 0.145447 0.601602 0.178331 
0.033121 0.074310 0.155414 0.309554 0.427601 
0.035289 0.063776 0.025510 0.551020 0.324405 
0.041032 0.109560 0.085871 0.216159 0.547377 
0.029996 0.098437 0.071821 0.362062 0.437685 
0.015084 0.066105 0.038154 0.814552 0.066105 
0.035110 0.145093 0.081641 0.653553 0.084602 
0.009395 0.027778 0.053513 0.742239 0.167075 
0.012558 0.022604 0.027208 0.426538 0.511093 
0.011345 0.017647 0.068487 0.229412 0.673109 
0.016484 0.047760 0.044379 0.291631 0.599746 
0.018382 0.015114 0.024918 0.724265 0.217320 
0.052223 0.087182 0.059560 0.552438 0.248597 
0.018235 0.026523 0.062992 0.360133 0.532118 
0.020232 0.107189 0.045200 0.479122 0.348257 
0.024203 0.039532 0.041146 0.709964 0.185155 
0.017473 0.032507 0.050386 0.441690 0.457944 
0.045164 0.089476 0.061781 0.281210 0.522369 
0.008646 0.015233 0.033347 0.455743 0.487032 
0.011259 0.021268 0.031276 0.404921 0.531276 
0.021712 0.030063 0.069311 0.305219 0.573695 
0.020780 0.074640 0.080153 0.162426 0.662002 
0.031211 0.029979 0.053388 0.413552 0.471869 
0.027006 0.057188 0.043685 0.756553 0.115568 
0.012270 0.101665 0.071429 0.746275 0.068361 
0.036917 0.056795 0.075456 0.587424 0.243408 
0.026809 0.020426 0.066383 0.379149 0.507234 
0.039190 0.087855 0.099914 0.715762 0.057278 
0.020049 0.050327 0.035188 0.766776 0.127660 
0.024648 0.059468 0.048513 0.598592 0.268779 
0.044915 0.155508 0.039407 0.634322 0.125847 
0.032591 0.053657 0.071145 0.731717 0.110890 
0.035264 0.164568 0.054156 0.368598 0.377414 
0.014957 0.017949 0.024786 0.653419 0.288889 
0.024675 0.067295 0.084343 0.727681 0.096007 
0.042066 0.170762 0.095793 0.591837 0.099542 
0.028728 0.071821 0.036755 0.732150 0.130545 
0.006153 0.045939 0.025431 0.851928 0.070550 
0.017007 0.022109 0.035714 0.400935 0.524235 
0.009256 0.036217 0.049497 0.742052 0.162978 
0.013682 0.034608 0.035815 0.771831 0.144064 
0.018489 0.023312 0.106913 0.681672 0.169614 
0.045709 0.105649 0.028029 0.764122 0.056490 
0.017515 0.017923 0.016701 0.870468 0.077393 
0.023294 0.039640 0.022068 0.891704 0.023294 
