0.036745 0.174541 0.497813 0.221785 0.069116 
0.072320 0.178648 0.431339 0.281963 0.035730 
0.056981 0.725968 0.107438 0.077425 0.032188 
0.136267 0.516446 0.172149 0.138830 0.036309 
0.076268 0.203664 0.475501 0.155518 0.089050 
0.180676 0.497400 0.227470 0.062392 0.032062 
0.035610 0.046083 0.861751 0.022623 0.033934 
0.073246 0.125877 0.755702 0.027193 0.017982 
0.705169 0.018182 0.052763 0.182531 0.041355 
0.115635 0.116857 0.629072 0.065147 0.073290 
0.068995 0.071098 0.461506 0.100126 0.298275 
0.080323 0.598810 0.186995 0.056099 0.077773 
0.044388 0.116517 0.441315 0.158344 0.239437 
0.049791 0.062762 0.802510 0.055649 0.029289 
0.034439 0.014031 0.892007 0.018282 0.041241 
0.026591 0.023540 0.853531 0.059721 0.036617 
0.090114 0.145232 0.693351 0.035871 0.035433 
0.168153 0.498514 0.069639 0.068790 0.194904 
0.035977 0.450802 0.281751 0.174252 0.057217 
0.787141 0.152556 0.026358 0.022364 0.011581 
0.155887 0.763267 0.038143 0.023632 0.019071 
0.045073 0.654441 0.023862 0.219178 0.057446 
0.676434 0.244035 0.036835 0.025534 0.017162 
0.199298 0.714223 0.019754 0.045654 0.021071 
0.618167 0.319936 0.035370 0.012058 0.014469 
0.227823 0.724194 0.022581 0.014113 0.011290 
0.047659 0.818980 0.020067 0.061873 0.051421 
0.852223 0.094513 0.027633 0.017221 0.008410 
0.824125 0.106284 0.031210 0.014340 0.024040 
0.560068 0.109137 0.280457 0.018190 0.032149 
0.926196 0.033252 0.013788 0.012571 0.014193 
0.106349 0.727778 0.047619 0.068651 0.049603 
0.897571 0.035628 0.036437 0.012551 0.017814 
0.125314 0.106873 0.713328 0.026823 0.027661 
0.729054 0.161317 0.027928 0.039183 0.042518 
0.633663 0.142041 0.020944 0.119954 0.083397 
0.129808 0.622815 0.034091 0.185315 0.027972 
0.122449 0.805235 0.023514 0.031500 0.017303 
0.031889 0.049060 0.044563 0.597711 0.276778 
0.016631 0.070789 0.073348 0.274627 0.564606 
0.048456 0.129074 0.052316 0.496998 0.273156 
0.035867 0.211358 0.047822 0.429547 0.275406 
0.013389 0.037657 0.025941 0.440586 0.482427 
0.015525 0.051354 0.049363 0.198646 0.685111 
0.029436 0.036386 0.042110 0.556010 0.336059 
0.018190 0.239425 0.029188 0.610829 0.102369 
0.026453 0.098439 0.053773 0.333044 0.488291 
0.025555 0.174696 0.039380 0.292836 0.467532 
0.016977 0.020704 0.067909 0.234783 0.659627 
0.073151 0.055578 0.095219 0.503882 0.272170 
0.018550 0.063238 0.121417 0.594435 0.202361 
0.036518 0.076433 0.142675 0.323142 0.421231 
0.035289 0.057398 0.018707 0.573129 0.315476 
0.038494 0.116328 0.063452 0.241540 0.540186 
0.020701 0.109421 0.069286 0.344740 0.455851 
0.021295 0.069654 0.036380 0.781278 0.091393 
0.040609 0.123519 0.057530 0.672589 0.105753 
0.015114 0.028595 0.030229 0.741830 0.184232 
0.009209 0.017162 0.033487 0.388028 0.552114 
0.016807 0.021008 0.078151 0.201681 0.682353 
0.019019 0.036348 0.038884 0.281910 0.623838 
0.012663 0.022467 0.042484 0.699346 0.223039 
0.040570 0.086319 0.080276 0.547259 0.245576 
0.020721 0.033568 0.048902 0.342312 0.554496 
0.029703 0.086526 0.043048 0.459750 0.380973 
0.018959 0.043163 0.033481 0.719242 0.185155 
0.008939 0.026412 0.036164 0.430719 0.497765 
0.056668 0.090754 0.049851 0.242437 0.560290 
0.011116 0.023466 0.026348 0.427748 0.511322 
0.009591 0.046706 0.050459 0.386989 0.506255 
0.021712 0.043424 0.055950 0.285177 0.593737 
0.030110 0.046226 0.101357 0.152672 0.669635 
0.038604 0.029158 0.065298 0.398768 0.468172 
0.044480 0.057585 0.045274 0.756156 0.096505 
0.016214 0.104294 0.058720 0.739264 0.081507 
0.041785 0.079513 0.079108 0.552130 0.247465 
0.020000 0.042553 0.062553 0.358298 0.516596 
0.023256 0.127046 0.098622 0.686477 0.064599 
0.020049 0.047872 0.042144 0.774141 0.115794 
0.026213 0.054382 0.035603 0.615023 0.268779 
0.027119 0.210169 0.029237 0.627542 0.105932 
0.021860 0.056836 0.050477 0.743641 0.127186 
0.023090 0.186398 0.051637 0.370277 0.368598 
0.008120 0.029060 0.036325 0.618376 0.308120 
0.021534 0.062808 0.126514 0.680574 0.108569 
0.032903 0.147022 0.097043 0.621408 0.101624 
0.013097 0.083650 0.023659 0.774398 0.105196 
0.011895 0.037326 0.036505 0.850697 0.063577 
0.019983 0.031463 0.031463 0.369473 0.547619 
0.015292 0.037022 0.033803 0.716700 0.197183 
0.015292 0.051107 0.026157 0.777867 0.129577 
0.018489 0.012862 0.086013 0.705788 0.176849 
0.040535 0.117723 0.039672 0.752480 0.049590 
0.011405 0.026069 0.016701 0.877800 0.068024 
0.021251 0.047814 0.019616 0.868819 0.042501 
