0.041120 0.159230 0.515748 0.185039 0.098863 
0.052949 0.179079 0.426173 0.285837 0.055962 
0.042192 0.735972 0.105698 0.088299 0.027838 
0.141393 0.522426 0.167023 0.125587 0.043571 
0.065616 0.237750 0.470388 0.159778 0.066468 
0.167244 0.545927 0.171144 0.073224 0.042461 
0.023879 0.048597 0.881022 0.011730 0.034772 
0.076754 0.117544 0.762719 0.025000 0.017982 
0.711230 0.018182 0.057041 0.160071 0.053476 
0.122557 0.124186 0.592834 0.082655 0.077769 
0.072360 0.086664 0.454775 0.079512 0.306689 
0.075648 0.531662 0.283893 0.035699 0.073098 
0.034571 0.152796 0.447717 0.121212 0.243705 
0.045188 0.048536 0.811715 0.056904 0.037657 
0.034864 0.012330 0.896684 0.017432 0.038690 
0.023976 0.038361 0.851351 0.052310 0.034002 
0.088801 0.141295 0.691601 0.041120 0.037183 
0.142251 0.538854 0.078132 0.047134 0.193631 
0.035111 0.407456 0.261378 0.245774 0.050282 
0.743610 0.194089 0.034345 0.013978 0.013978 
0.161277 0.764096 0.025290 0.026534 0.022803 
0.040654 0.644719 0.028281 0.203270 0.083076 
0.499372 0.455421 0.013395 0.011302 0.020511 
0.159350 0.768218 0.009658 0.047410 0.015364 
0.589228 0.331190 0.037379 0.020900 0.021302 
0.282258 0.661290 0.024194 0.016532 0.015726 
0.068980 0.817726 0.019231 0.062709 0.031355 
0.859031 0.096516 0.018022 0.012815 0.013616 
0.824125 0.107550 0.026149 0.015183 0.026993 
0.590525 0.156091 0.208545 0.013113 0.031726 
0.928224 0.032847 0.008516 0.019870 0.010543 
0.137302 0.724603 0.030556 0.067063 0.040476 
0.881781 0.050202 0.034008 0.019433 0.014575 
0.124895 0.173093 0.639564 0.031433 0.031014 
0.413089 0.512297 0.018758 0.022093 0.033764 
0.585682 0.186596 0.023610 0.090632 0.113481 
0.112762 0.630682 0.027972 0.181818 0.046766 
0.135759 0.766193 0.012422 0.065217 0.020408 
0.028618 0.039657 0.034342 0.491006 0.406378 
0.017910 0.056290 0.100640 0.275480 0.549680 
0.028731 0.162950 0.044597 0.456261 0.307461 
0.028608 0.234842 0.043126 0.442357 0.251067 
0.019247 0.057322 0.020084 0.348536 0.554812 
0.009554 0.052548 0.057325 0.199045 0.681529 
0.019624 0.023712 0.047424 0.498365 0.410875 
0.014805 0.216159 0.046531 0.575296 0.147208 
0.028621 0.094102 0.047702 0.285776 0.543799 
0.035191 0.151655 0.039799 0.301634 0.471722 
0.017391 0.032712 0.089027 0.193789 0.667081 
0.055987 0.072333 0.071925 0.469555 0.330200 
0.016020 0.049747 0.128583 0.515177 0.290472 
0.039915 0.082378 0.124416 0.265393 0.487898 
0.032313 0.071003 0.037840 0.554847 0.303997 
0.041032 0.124365 0.081218 0.202200 0.551184 
0.018589 0.101394 0.204478 0.362062 0.313477 
0.015972 0.037267 0.053682 0.772405 0.120674 
0.031726 0.118866 0.051607 0.631980 0.165821 
0.012663 0.029412 0.035131 0.581291 0.341503 
0.011720 0.024278 0.032231 0.341984 0.589787 
0.013025 0.026891 0.079412 0.182773 0.697899 
0.017751 0.056213 0.038039 0.230347 0.657650 
0.015114 0.017974 0.012663 0.612745 0.341503 
0.031938 0.091929 0.053949 0.520501 0.301683 
0.010361 0.032739 0.045172 0.330294 0.581434 
0.027981 0.092553 0.055101 0.484718 0.339647 
0.022186 0.044373 0.026220 0.635740 0.271480 
0.010565 0.026818 0.041853 0.400244 0.520520 
0.036643 0.110354 0.057520 0.257776 0.537708 
0.013586 0.022643 0.042404 0.329354 0.592013 
0.015847 0.031693 0.050042 0.341952 0.560467 
0.015031 0.038831 0.094363 0.243424 0.608351 
0.012723 0.086090 0.112383 0.116200 0.672604 
0.025051 0.027105 0.089117 0.356468 0.502259 
0.038125 0.040905 0.041700 0.776013 0.103257 
0.019281 0.095968 0.064855 0.695881 0.124014 
0.038945 0.061258 0.059635 0.524544 0.315619 
0.017021 0.031489 0.071064 0.301702 0.578723 
0.022394 0.114987 0.069337 0.700258 0.093023 
0.011047 0.045417 0.038462 0.760229 0.144845 
0.018388 0.063380 0.035211 0.577856 0.305164 
0.032627 0.146610 0.025847 0.610593 0.184322 
0.019475 0.059618 0.055246 0.685215 0.180445 
0.040302 0.167926 0.057095 0.326616 0.408060 
0.008547 0.036325 0.025214 0.539744 0.390171 
0.019291 0.074921 0.112607 0.655451 0.137730 
0.035818 0.166181 0.084548 0.572262 0.141191 
0.017744 0.066751 0.047740 0.726236 0.141529 
0.013126 0.031993 0.032404 0.801477 0.121001 
0.016156 0.032313 0.034439 0.369898 0.547194 
0.015292 0.034608 0.055533 0.668410 0.226157 
0.017706 0.035412 0.018913 0.750905 0.177062 
0.014871 0.027733 0.116158 0.621383 0.219855 
0.022855 0.120742 0.024580 0.760241 0.071583 
0.013035 0.021996 0.019959 0.841141 0.103870 
0.020842 0.038414 0.046179 0.845116 0.049448 
