0.050306 0.172791 0.469379 0.238408 0.069116 
0.053379 0.184675 0.425312 0.285837 0.050796 
0.043062 0.749021 0.090039 0.088734 0.029143 
0.130713 0.555318 0.150363 0.123879 0.039727 
0.055816 0.221133 0.474648 0.175117 0.073285 
0.206672 0.501300 0.182842 0.071490 0.037695 
0.018433 0.041475 0.881860 0.029326 0.028907 
0.080263 0.153947 0.707456 0.028947 0.029386 
0.721925 0.023886 0.037790 0.175401 0.040998 
0.092020 0.121336 0.644137 0.083876 0.058632 
0.072360 0.078250 0.433319 0.101388 0.314682 
0.100297 0.571186 0.195495 0.042499 0.090523 
0.038412 0.119505 0.417840 0.152369 0.271874 
0.044351 0.032636 0.808368 0.080335 0.034310 
0.031888 0.012330 0.904762 0.021259 0.029762 
0.040976 0.030514 0.844813 0.056234 0.027463 
0.081365 0.164479 0.674978 0.048556 0.030621 
0.172824 0.480679 0.066242 0.043737 0.236518 
0.052449 0.386216 0.289554 0.220199 0.051582 
0.763179 0.180112 0.031550 0.013978 0.011182 
0.167496 0.749171 0.041045 0.016584 0.025705 
0.055678 0.665488 0.019885 0.210782 0.048166 
0.662620 0.255337 0.041440 0.021766 0.018836 
0.213345 0.706760 0.016242 0.043020 0.020632 
0.604100 0.327170 0.034164 0.014871 0.019695 
0.251210 0.689919 0.028629 0.018548 0.011694 
0.066890 0.808528 0.010452 0.073161 0.040970 
0.858230 0.093312 0.020825 0.014017 0.013616 
0.842682 0.083087 0.032898 0.016027 0.025306 
0.598139 0.116328 0.238156 0.019459 0.027919 
0.939173 0.026358 0.010949 0.012571 0.010949 
0.141270 0.699206 0.037698 0.078175 0.043651 
0.895142 0.038057 0.034818 0.012551 0.019433 
0.103940 0.130763 0.704526 0.038139 0.022632 
0.731555 0.167570 0.026678 0.027511 0.046686 
0.631759 0.143564 0.021706 0.097487 0.105484 
0.107517 0.626748 0.048077 0.177010 0.040647 
0.144188 0.756877 0.029281 0.058563 0.011091 
0.022486 0.049060 0.051922 0.584628 0.291905 
0.009808 0.066098 0.080171 0.271215 0.572708 
0.045455 0.119640 0.063465 0.490566 0.280875 
0.032024 0.250640 0.018360 0.422289 0.276687 
0.014226 0.066527 0.025941 0.400000 0.493305 
0.022691 0.051354 0.044984 0.210191 0.670780 
0.026574 0.032298 0.033115 0.514718 0.393295 
0.021997 0.223773 0.029611 0.626481 0.098139 
0.029922 0.067650 0.029922 0.346487 0.526019 
0.026812 0.140344 0.030163 0.310432 0.492250 
0.013251 0.027743 0.057557 0.251346 0.650104 
0.071107 0.080915 0.068655 0.510421 0.268901 
0.014334 0.070826 0.125211 0.576728 0.212901 
0.040764 0.067091 0.178769 0.302335 0.411040 
0.025510 0.084184 0.017857 0.533163 0.339286 
0.018613 0.113790 0.078257 0.239848 0.549492 
0.027883 0.128433 0.056189 0.362907 0.424588 
0.016415 0.041260 0.035492 0.818988 0.087844 
0.044416 0.142132 0.059222 0.640440 0.113790 
0.010212 0.033497 0.055964 0.636029 0.264297 
0.011720 0.020929 0.026789 0.391796 0.548765 
0.015966 0.027311 0.065966 0.176050 0.714706 
0.019442 0.036771 0.038462 0.246407 0.658918 
0.021650 0.016340 0.020833 0.666258 0.274918 
0.054381 0.059128 0.075529 0.586534 0.224428 
0.013262 0.028595 0.045172 0.346871 0.566100 
0.025829 0.100301 0.061989 0.422299 0.389582 
0.023397 0.047196 0.032271 0.675272 0.221864 
0.008939 0.033726 0.036164 0.428281 0.492889 
0.034086 0.088198 0.066042 0.243715 0.567959 
0.013998 0.025113 0.037876 0.396048 0.526966 
0.017515 0.030859 0.035863 0.362385 0.553378 
0.019207 0.046347 0.084342 0.246347 0.603758 
0.015691 0.081849 0.089907 0.148431 0.664122 
0.038604 0.026694 0.066119 0.387680 0.480903 
0.049643 0.063145 0.031771 0.770850 0.084591 
0.022787 0.095968 0.073181 0.744522 0.063541 
0.043002 0.058012 0.047870 0.574037 0.277079 
0.016170 0.039149 0.062128 0.349787 0.532766 
0.019811 0.141258 0.056417 0.684324 0.098191 
0.017594 0.058511 0.027005 0.806465 0.090426 
0.019171 0.064163 0.042254 0.586072 0.288341 
0.034322 0.187712 0.042373 0.605508 0.130085 
0.021860 0.048092 0.088633 0.716614 0.124801 
0.044500 0.198992 0.029807 0.327876 0.398825 
0.011966 0.025641 0.023504 0.627778 0.311111 
0.030058 0.053836 0.131898 0.662180 0.122028 
0.034985 0.157434 0.071637 0.615160 0.120783 
0.019856 0.083228 0.021546 0.743135 0.132235 
0.015176 0.034865 0.035685 0.834290 0.079984 
0.011905 0.030187 0.034864 0.401361 0.521684 
0.018511 0.049095 0.041851 0.707847 0.182696 
0.014889 0.029779 0.024547 0.797183 0.133602 
0.019293 0.035772 0.124598 0.622990 0.197347 
0.027167 0.132816 0.034498 0.762398 0.043122 
0.010591 0.015479 0.016701 0.883910 0.073320 
0.022885 0.043727 0.024111 0.862689 0.046588 
