0.043745 0.175416 0.497375 0.181102 0.102362 
0.049505 0.167456 0.445975 0.278950 0.058115 
0.054806 0.754676 0.096564 0.062636 0.031318 
0.133704 0.531824 0.157198 0.142674 0.034601 
0.055390 0.208777 0.478909 0.182787 0.074137 
0.129983 0.574090 0.178510 0.072790 0.044627 
0.028907 0.036028 0.883536 0.016339 0.035191 
0.099123 0.137719 0.713596 0.027632 0.021930 
0.708378 0.020321 0.043137 0.167201 0.060963 
0.120928 0.109121 0.610749 0.077769 0.081433 
0.053849 0.103071 0.448044 0.086664 0.308372 
0.085423 0.508287 0.303442 0.038249 0.064598 
0.030730 0.133163 0.485275 0.146394 0.204439 
0.045607 0.038912 0.794561 0.092469 0.028452 
0.028061 0.015731 0.913690 0.013605 0.028912 
0.046643 0.046643 0.826068 0.042284 0.038361 
0.086614 0.159230 0.674103 0.050744 0.029309 
0.129936 0.512527 0.081953 0.047983 0.227601 
0.060251 0.391417 0.258344 0.249675 0.040312 
0.769169 0.173323 0.023962 0.015575 0.017971 
0.157960 0.781924 0.028607 0.013267 0.018242 
0.042422 0.644719 0.022978 0.184269 0.105612 
0.421515 0.531603 0.017999 0.010046 0.018836 
0.161106 0.751097 0.028534 0.034680 0.024583 
0.580386 0.359727 0.022106 0.014469 0.023312 
0.300403 0.655242 0.010484 0.017339 0.016532 
0.076923 0.797659 0.013796 0.062291 0.049331 
0.851021 0.108130 0.010813 0.014818 0.015218 
0.830030 0.107550 0.029523 0.011388 0.021510 
0.624365 0.116328 0.224196 0.012267 0.022843 
0.939984 0.026764 0.010949 0.010949 0.011354 
0.110317 0.735714 0.027381 0.072222 0.054365 
0.900000 0.044534 0.030364 0.012146 0.012955 
0.119028 0.170159 0.639564 0.046940 0.024308 
0.340975 0.583993 0.020425 0.016674 0.037932 
0.564737 0.203351 0.016375 0.075781 0.139756 
0.110577 0.643794 0.019668 0.166958 0.059003 
0.110470 0.775954 0.043035 0.056344 0.014197 
0.031480 0.035977 0.053966 0.452167 0.426410 
0.023028 0.067377 0.077612 0.257569 0.574414 
0.029160 0.126501 0.069897 0.439108 0.335334 
0.035867 0.241247 0.043980 0.467976 0.210931 
0.025105 0.033473 0.032636 0.387448 0.521339 
0.019108 0.062102 0.046178 0.178742 0.693869 
0.015944 0.031071 0.048651 0.455437 0.448896 
0.021574 0.219966 0.042301 0.503384 0.212775 
0.034258 0.102775 0.028621 0.302689 0.531657 
0.020947 0.151655 0.049853 0.302891 0.474654 
0.017391 0.031884 0.049689 0.240994 0.660041 
0.065795 0.058030 0.067838 0.445443 0.362893 
0.022344 0.045531 0.118465 0.518128 0.295531 
0.038217 0.067091 0.155414 0.252654 0.486624 
0.021259 0.071003 0.027211 0.511905 0.368622 
0.035533 0.134518 0.096024 0.192047 0.541878 
0.021124 0.098437 0.227714 0.346853 0.305872 
0.023514 0.025288 0.034605 0.761313 0.155280 
0.022843 0.120558 0.056684 0.572758 0.227157 
0.013889 0.027778 0.034722 0.561683 0.361928 
0.008372 0.019674 0.037254 0.314776 0.619925 
0.013866 0.022689 0.084454 0.183193 0.695798 
0.019865 0.048605 0.055790 0.240490 0.635249 
0.015523 0.026552 0.028595 0.587418 0.341912 
0.031938 0.096245 0.055675 0.513595 0.302546 
0.010361 0.038127 0.051803 0.302942 0.596768 
0.040034 0.086526 0.053810 0.472234 0.347396 
0.016942 0.049213 0.032674 0.643808 0.257362 
0.013409 0.030069 0.042666 0.381552 0.532304 
0.033234 0.106093 0.083511 0.266723 0.510439 
0.011527 0.021820 0.025525 0.355290 0.585838 
0.016681 0.032527 0.042118 0.342786 0.565888 
0.015866 0.024635 0.066388 0.288100 0.605010 
0.019932 0.072095 0.107294 0.126378 0.674300 
0.018891 0.027926 0.074743 0.379877 0.498563 
0.030183 0.051628 0.056394 0.740667 0.121128 
0.018843 0.088081 0.062664 0.702454 0.127958 
0.035294 0.067748 0.052333 0.496552 0.348073 
0.020851 0.051915 0.071064 0.297872 0.558298 
0.033161 0.107235 0.041774 0.711456 0.106374 
0.021686 0.064648 0.041735 0.708265 0.163666 
0.016432 0.062989 0.048513 0.560250 0.311815 
0.032627 0.152119 0.039831 0.624576 0.150847 
0.024642 0.046900 0.052464 0.674086 0.201908 
0.044500 0.169186 0.054996 0.332074 0.399244 
0.021795 0.024786 0.028205 0.535897 0.389316 
0.021086 0.072678 0.104083 0.632122 0.170031 
0.034569 0.146606 0.090379 0.587255 0.141191 
0.016899 0.084918 0.040980 0.746937 0.110266 
0.017637 0.042658 0.022149 0.783839 0.133716 
0.013180 0.039966 0.030612 0.375850 0.540391 
0.015292 0.033400 0.041851 0.660362 0.249095 
0.012072 0.033400 0.020523 0.752515 0.181489 
0.019695 0.020096 0.118569 0.565514 0.276125 
0.019405 0.129366 0.023286 0.728762 0.099181 
0.011813 0.020774 0.016701 0.823625 0.127088 
0.020842 0.029424 0.023702 0.851246 0.074785 
