0.039370 0.162292 0.502625 0.228346 0.067367 
0.070168 0.164012 0.414981 0.275506 0.075334 
0.044367 0.736407 0.110048 0.083950 0.025228 
0.147373 0.514737 0.170013 0.133704 0.034173 
0.090328 0.187473 0.475927 0.168726 0.077546 
0.184142 0.546360 0.151213 0.077123 0.041161 
0.023041 0.054462 0.859238 0.031420 0.031839 
0.096491 0.144298 0.717982 0.023684 0.017544 
0.716578 0.020321 0.046346 0.158645 0.058111 
0.109528 0.122150 0.611971 0.082655 0.073697 
0.086243 0.090029 0.421540 0.081615 0.320572 
0.099873 0.580535 0.200170 0.034849 0.084573 
0.045668 0.154076 0.399915 0.139991 0.260350 
0.025105 0.051464 0.818828 0.071130 0.033473 
0.032738 0.014031 0.902211 0.011905 0.039116 
0.024847 0.054054 0.827376 0.055798 0.037925 
0.079615 0.151794 0.688976 0.041995 0.037620 
0.152017 0.492144 0.099788 0.050955 0.205096 
0.058084 0.411790 0.259211 0.214564 0.056350 
0.779553 0.146965 0.031550 0.015974 0.025958 
0.184909 0.749585 0.028192 0.017828 0.019486 
0.035351 0.657976 0.024304 0.212550 0.069819 
0.630389 0.311009 0.015069 0.017581 0.025952 
0.183933 0.738367 0.010536 0.039947 0.027217 
0.589228 0.352090 0.021704 0.020498 0.016479 
0.222177 0.717339 0.027823 0.018952 0.013710 
0.074833 0.812709 0.014632 0.066472 0.031355 
0.854225 0.102123 0.021225 0.011213 0.011213 
0.830451 0.113454 0.031632 0.007592 0.016871 
0.558799 0.185702 0.219120 0.018190 0.018190 
0.928224 0.034063 0.012165 0.013788 0.011760 
0.100794 0.736111 0.040873 0.083333 0.038889 
0.896761 0.042915 0.029960 0.016194 0.014170 
0.115675 0.143755 0.692372 0.023889 0.024308 
0.570238 0.329721 0.021259 0.030846 0.047937 
0.634044 0.130236 0.014471 0.092536 0.128713 
0.097028 0.632430 0.022727 0.216346 0.031469 
0.130878 0.775067 0.028838 0.053239 0.011979 
0.025756 0.033524 0.053148 0.519215 0.368357 
0.025586 0.040938 0.098934 0.244350 0.590192 
0.045026 0.119640 0.055746 0.451973 0.327616 
0.037575 0.223313 0.031170 0.460717 0.247225 
0.022594 0.046444 0.020502 0.398326 0.512134 
0.011545 0.070462 0.057325 0.181927 0.678742 
0.017171 0.030253 0.055192 0.465658 0.431725 
0.026227 0.221235 0.027496 0.601100 0.123942 
0.042498 0.072420 0.043365 0.331310 0.510408 
0.022204 0.187683 0.046083 0.303310 0.440721 
0.012008 0.026501 0.074120 0.221946 0.665424 
0.054352 0.047405 0.109113 0.447487 0.341643 
0.016442 0.048904 0.125211 0.559022 0.250422 
0.041614 0.077707 0.132484 0.245011 0.503185 
0.034014 0.055697 0.021684 0.599490 0.289116 
0.027496 0.124788 0.089679 0.224619 0.533418 
0.025771 0.101817 0.179130 0.333756 0.359527 
0.015528 0.048802 0.041704 0.788820 0.105146 
0.032149 0.121827 0.082487 0.652284 0.111252 
0.015114 0.028186 0.033088 0.587827 0.335784 
0.010046 0.015906 0.023441 0.372541 0.578066 
0.013025 0.017647 0.072689 0.162605 0.734034 
0.021555 0.045224 0.033390 0.216399 0.683432 
0.018382 0.015523 0.019608 0.633987 0.312500 
0.037117 0.085024 0.056107 0.553733 0.268019 
0.016577 0.037712 0.053460 0.309159 0.583092 
0.038313 0.095566 0.039173 0.504090 0.322858 
0.026624 0.043566 0.027834 0.674869 0.227108 
0.017066 0.020317 0.033320 0.409996 0.519301 
0.052407 0.100128 0.056668 0.243715 0.547081 
0.014821 0.018114 0.026348 0.382050 0.558666 
0.020851 0.031276 0.050876 0.343203 0.553795 
0.022965 0.037161 0.068894 0.269729 0.601253 
0.018236 0.067006 0.099661 0.107294 0.707803 
0.025873 0.028337 0.073922 0.367556 0.504312 
0.037331 0.055600 0.065131 0.747816 0.094122 
0.025416 0.089833 0.051271 0.720421 0.113059 
0.055984 0.027586 0.061663 0.499797 0.354970 
0.023404 0.044255 0.065532 0.324681 0.542128 
0.033161 0.109388 0.071921 0.698966 0.086563 
0.020458 0.031506 0.036007 0.783142 0.128887 
0.019562 0.045383 0.037950 0.570423 0.326682 
0.038559 0.163136 0.019915 0.641949 0.136441 
0.027424 0.066773 0.052464 0.696343 0.156995 
0.032326 0.158690 0.064652 0.360621 0.383711 
0.022222 0.024359 0.027778 0.556410 0.369231 
0.026021 0.069089 0.079408 0.680126 0.145357 
0.034152 0.159933 0.094127 0.586422 0.125364 
0.015209 0.082805 0.034643 0.719054 0.148289 
0.018048 0.045119 0.034865 0.803938 0.098031 
0.019133 0.030187 0.037415 0.375425 0.537840 
0.015694 0.031791 0.057545 0.685714 0.209256 
0.016901 0.034608 0.032596 0.770221 0.145674 
0.010048 0.036576 0.097669 0.602894 0.252814 
0.025873 0.109961 0.032773 0.778784 0.052609 
0.013035 0.022403 0.016293 0.869654 0.078615 
0.021659 0.026563 0.024520 0.873314 0.053944 
