0.053806 0.153981 0.480752 0.243220 0.068241 
0.060697 0.173483 0.435213 0.296599 0.034008 
0.045237 0.731187 0.112223 0.073510 0.037843 
0.140111 0.560017 0.146519 0.116617 0.036736 
0.048573 0.209203 0.492970 0.183213 0.066042 
0.195407 0.490901 0.214038 0.073657 0.025997 
0.038542 0.040218 0.867197 0.027650 0.026393 
0.078947 0.110088 0.761404 0.035088 0.014474 
0.700891 0.022816 0.040642 0.191087 0.044563 
0.092427 0.128257 0.616042 0.085098 0.078176 
0.079512 0.061843 0.401346 0.129154 0.328145 
0.082873 0.607735 0.175946 0.042074 0.091373 
0.040120 0.123346 0.391379 0.134016 0.311140 
0.020502 0.036820 0.814644 0.102510 0.025523 
0.020833 0.013180 0.918367 0.022534 0.025085 
0.023540 0.045772 0.850044 0.049259 0.031386 
0.070866 0.122922 0.720910 0.067804 0.017498 
0.188960 0.477282 0.063270 0.059023 0.211465 
0.038578 0.423494 0.254443 0.234070 0.049415 
0.805112 0.144569 0.023962 0.014377 0.011981 
0.184080 0.752073 0.027778 0.026534 0.009536 
0.060097 0.662837 0.027839 0.197967 0.051259 
0.694014 0.231896 0.038510 0.010883 0.024697 
0.229587 0.677349 0.028095 0.038191 0.026778 
0.645498 0.285370 0.027733 0.016479 0.024920 
0.264113 0.672177 0.032661 0.016129 0.014919 
0.073997 0.798913 0.019231 0.068980 0.038880 
0.883861 0.072887 0.017221 0.017621 0.008410 
0.810628 0.129481 0.026149 0.013496 0.020245 
0.517343 0.103638 0.342217 0.015651 0.021151 
0.943228 0.023114 0.010543 0.013382 0.009732 
0.131349 0.705159 0.041270 0.066270 0.055952 
0.900000 0.029555 0.036842 0.014575 0.019028 
0.093462 0.151718 0.702850 0.024728 0.027242 
0.741976 0.145060 0.033764 0.045436 0.033764 
0.644326 0.132521 0.009901 0.130617 0.082635 
0.134178 0.614510 0.029283 0.196241 0.025787 
0.152174 0.750665 0.036380 0.046140 0.014641 
0.022486 0.039248 0.056827 0.667212 0.214227 
0.017058 0.065672 0.077186 0.307889 0.532196 
0.041166 0.130789 0.051029 0.495712 0.281304 
0.038856 0.206234 0.029889 0.422289 0.302733 
0.019247 0.032636 0.026778 0.477406 0.443933 
0.008758 0.051752 0.042596 0.220939 0.675955 
0.022486 0.020033 0.036386 0.606296 0.314800 
0.020305 0.241117 0.017766 0.631134 0.089679 
0.032090 0.099306 0.032958 0.353859 0.481787 
0.021366 0.155844 0.035610 0.313364 0.473817 
0.015735 0.017391 0.074534 0.247205 0.645135 
0.070699 0.032284 0.082141 0.513690 0.301185 
0.019815 0.056914 0.135329 0.588954 0.198988 
0.037792 0.074735 0.150743 0.321868 0.414862 
0.026361 0.085034 0.013180 0.575680 0.299745 
0.040609 0.117597 0.079526 0.222081 0.540186 
0.019856 0.133502 0.062949 0.373046 0.410646 
0.015972 0.064774 0.026176 0.794587 0.098492 
0.032572 0.118866 0.083756 0.667090 0.097716 
0.015114 0.029820 0.033088 0.757761 0.164216 
0.008372 0.021766 0.030975 0.398493 0.540393 
0.016807 0.030252 0.070588 0.203782 0.678571 
0.015638 0.070583 0.031276 0.273035 0.609467 
0.011029 0.023693 0.028595 0.668709 0.267974 
0.045749 0.084161 0.063444 0.637462 0.169184 
0.019063 0.031082 0.037712 0.348529 0.563614 
0.024968 0.086957 0.040895 0.478691 0.368489 
0.019766 0.033481 0.026624 0.730537 0.189593 
0.013816 0.020723 0.046323 0.462820 0.456319 
0.041755 0.109501 0.039625 0.248828 0.560290 
0.012351 0.026348 0.023055 0.446686 0.491560 
0.022102 0.024187 0.043786 0.420767 0.489158 
0.023382 0.033820 0.068894 0.298539 0.575365 
0.024597 0.078880 0.078880 0.179813 0.637829 
0.027515 0.027105 0.078439 0.386448 0.480493 
0.032566 0.058777 0.055203 0.761716 0.091739 
0.013146 0.105609 0.063979 0.745837 0.071429 
0.038945 0.067748 0.072617 0.599189 0.221501 
0.025106 0.051489 0.060000 0.380851 0.482553 
0.024548 0.116279 0.059432 0.729113 0.070629 
0.020458 0.038462 0.038462 0.785597 0.117021 
0.017214 0.057121 0.042645 0.600548 0.282473 
0.034746 0.202119 0.020763 0.638559 0.103814 
0.022655 0.051272 0.046105 0.759539 0.120429 
0.046599 0.142737 0.054156 0.371537 0.384971 
0.013248 0.029060 0.021795 0.661111 0.274786 
0.026469 0.075819 0.077165 0.716016 0.104531 
0.029988 0.139942 0.121200 0.616410 0.092461 
0.017322 0.076046 0.033376 0.757499 0.115758 
0.017637 0.037736 0.033224 0.872026 0.039377 
0.018282 0.039116 0.043367 0.417092 0.482143 
0.008853 0.037827 0.057948 0.719115 0.176258 
0.010865 0.040644 0.026559 0.771831 0.150101 
0.016479 0.027733 0.075161 0.686495 0.194132 
0.035360 0.138853 0.023717 0.760673 0.041397 
0.016701 0.021996 0.025662 0.880244 0.055397 
0.015121 0.043727 0.030241 0.892521 0.018390 
