0.043745 0.161855 0.489501 0.247594 0.057305 
0.064141 0.160568 0.460181 0.269479 0.045631 
0.053067 0.737712 0.098739 0.084819 0.025663 
0.108928 0.527979 0.202905 0.129432 0.030756 
0.066042 0.214316 0.475075 0.179378 0.065190 
0.212305 0.475303 0.202773 0.074957 0.034662 
0.023879 0.035610 0.877671 0.042313 0.020528 
0.095175 0.122807 0.742544 0.021930 0.017544 
0.668449 0.032442 0.072727 0.190018 0.036364 
0.103013 0.119300 0.611564 0.095277 0.070847 
0.076988 0.080353 0.416071 0.106437 0.320151 
0.059924 0.596260 0.186995 0.057374 0.099448 
0.044388 0.107981 0.409304 0.141699 0.296628 
0.030962 0.058159 0.798745 0.092050 0.020084 
0.025085 0.016582 0.915391 0.010629 0.032313 
0.032694 0.028771 0.853531 0.057105 0.027899 
0.081802 0.129484 0.709099 0.061242 0.018373 
0.177495 0.486200 0.073461 0.071762 0.191083 
0.054616 0.396619 0.286086 0.207195 0.055483 
0.768770 0.163339 0.035942 0.018371 0.013578 
0.206882 0.723051 0.031924 0.022388 0.015755 
0.053469 0.640742 0.035793 0.202828 0.067167 
0.699874 0.221432 0.035998 0.025534 0.017162 
0.208516 0.697542 0.024583 0.050044 0.019315 
0.633039 0.313103 0.018891 0.017685 0.017283 
0.288306 0.660081 0.021371 0.020565 0.009677 
0.071070 0.807692 0.023829 0.056438 0.040970 
0.856628 0.088506 0.026832 0.013216 0.014818 
0.834669 0.106706 0.026993 0.007592 0.024040 
0.532572 0.109137 0.327411 0.016920 0.013959 
0.951338 0.011760 0.015004 0.010949 0.010949 
0.096429 0.735317 0.040476 0.080556 0.047222 
0.894737 0.041700 0.028340 0.016599 0.018623 
0.129925 0.116932 0.716262 0.024728 0.012154 
0.755315 0.139225 0.031263 0.039600 0.034598 
0.615004 0.132140 0.022468 0.150419 0.079970 
0.136801 0.614948 0.028846 0.200612 0.018794 
0.162822 0.756877 0.018190 0.052351 0.009760 
0.024121 0.028209 0.050695 0.686427 0.210548 
0.024733 0.056716 0.085288 0.303625 0.529638 
0.027444 0.112779 0.054889 0.517581 0.287307 
0.043126 0.210931 0.015798 0.448762 0.281383 
0.015481 0.038912 0.030544 0.482008 0.433054 
0.012739 0.058121 0.039013 0.214968 0.675159 
0.023712 0.031071 0.047424 0.598119 0.299673 
0.016920 0.287225 0.031726 0.587140 0.076988 
0.025585 0.095837 0.039029 0.340416 0.499133 
0.028069 0.175953 0.056137 0.310432 0.429409 
0.020290 0.017391 0.079089 0.275776 0.607453 
0.073151 0.035145 0.087863 0.530445 0.273396 
0.012648 0.043002 0.150506 0.620573 0.173272 
0.027176 0.082378 0.152017 0.334607 0.403822 
0.031463 0.069303 0.024660 0.558248 0.316327 
0.022843 0.134518 0.059222 0.233926 0.549492 
0.016477 0.130123 0.073933 0.337558 0.441910 
0.018190 0.046140 0.035492 0.806122 0.094055 
0.047800 0.123096 0.065144 0.682741 0.081218 
0.009395 0.041258 0.035539 0.751634 0.162173 
0.011720 0.023859 0.028464 0.404772 0.531185 
0.015966 0.035294 0.047899 0.217227 0.683613 
0.013525 0.052409 0.037194 0.292477 0.604396 
0.013072 0.021650 0.024918 0.696078 0.244281 
0.065170 0.075960 0.053517 0.589124 0.216228 
0.020307 0.033154 0.053875 0.376295 0.516370 
0.025398 0.110202 0.040465 0.468790 0.355144 
0.020573 0.052844 0.029447 0.711981 0.185155 
0.019504 0.031694 0.021536 0.473385 0.453881 
0.040903 0.107797 0.048999 0.255219 0.547081 
0.011939 0.024702 0.034582 0.414986 0.513792 
0.013761 0.029608 0.039199 0.397832 0.519600 
0.013361 0.046347 0.075574 0.326096 0.538622 
0.019508 0.070823 0.095420 0.159033 0.655216 
0.032033 0.033265 0.076386 0.415195 0.443121 
0.025814 0.072280 0.029786 0.786736 0.085385 
0.021472 0.090710 0.072305 0.749781 0.065732 
0.024746 0.070183 0.068966 0.600811 0.235294 
0.014043 0.034468 0.062553 0.375745 0.513191 
0.031008 0.111111 0.079673 0.714040 0.064169 
0.021277 0.041326 0.047463 0.765139 0.124795 
0.015649 0.044992 0.039515 0.614632 0.285211 
0.038136 0.213136 0.028390 0.605932 0.114407 
0.025437 0.050477 0.052067 0.783386 0.088633 
0.045340 0.163308 0.051637 0.388749 0.350966 
0.016239 0.023504 0.011966 0.643590 0.304701 
0.024226 0.077165 0.099148 0.686406 0.113055 
0.041649 0.175344 0.087880 0.592670 0.102457 
0.020701 0.072243 0.027883 0.777355 0.101817 
0.015997 0.042248 0.026251 0.868745 0.046760 
0.008929 0.028061 0.034864 0.450255 0.477891 
0.017304 0.038229 0.046278 0.742857 0.155332 
0.014487 0.027364 0.026962 0.819718 0.111469 
0.014469 0.020096 0.100482 0.674839 0.190113 
0.031479 0.125485 0.021561 0.772316 0.049159 
0.010183 0.021996 0.026069 0.883503 0.058248 
0.015529 0.027789 0.031467 0.906007 0.019207 
