0.100175 0.161417 0.479440 0.122485 0.136483 
0.113646 0.144210 0.415842 0.261731 0.064572 
0.083080 0.705089 0.089604 0.076120 0.046107 
0.198633 0.481845 0.128578 0.108928 0.082016 
0.077972 0.259054 0.438006 0.155092 0.069876 
0.215771 0.498700 0.178076 0.057192 0.050260 
0.071219 0.051110 0.830331 0.023879 0.023460 
0.087281 0.225877 0.650439 0.015351 0.021053 
0.752228 0.013547 0.034938 0.147237 0.052050 
0.401059 0.087541 0.317182 0.117264 0.076954 
0.102230 0.096761 0.336979 0.111906 0.352125 
0.356566 0.222269 0.278793 0.063748 0.078623 
0.059752 0.149808 0.468630 0.111822 0.209987 
0.197071 0.026778 0.660251 0.068201 0.047699 
0.066752 0.022534 0.872024 0.016156 0.022534 
0.063644 0.043592 0.819529 0.045772 0.027463 
0.128171 0.233158 0.576115 0.040682 0.021872 
0.164331 0.490446 0.117622 0.072187 0.155414 
0.056350 0.380147 0.309926 0.173819 0.079757 
0.715256 0.237220 0.019968 0.014776 0.012780 
0.191542 0.741708 0.040630 0.012023 0.014096 
0.057888 0.590809 0.041980 0.195316 0.114008 
0.305986 0.637505 0.022185 0.018418 0.015906 
0.129061 0.787533 0.023266 0.025022 0.035119 
0.588424 0.352492 0.022508 0.018087 0.018489 
0.362500 0.569355 0.033871 0.020161 0.014113 
0.094900 0.760033 0.017140 0.078177 0.049749 
0.784541 0.179415 0.011213 0.014818 0.010012 
0.812737 0.138338 0.021088 0.008435 0.019401 
0.678934 0.195008 0.094755 0.015228 0.016074 
0.580697 0.376723 0.013788 0.017437 0.011354 
0.392063 0.408730 0.059921 0.098016 0.041270 
0.894332 0.056680 0.022267 0.007692 0.019028 
0.140821 0.468986 0.315591 0.059933 0.014669 
0.204252 0.695290 0.026261 0.022926 0.051271 
0.525514 0.238385 0.010282 0.049505 0.176314 
0.093969 0.629808 0.034528 0.165647 0.076049 
0.133984 0.755546 0.028838 0.060337 0.021295 
0.032298 0.025756 0.069501 0.393704 0.478741 
0.016631 0.049041 0.126226 0.270362 0.537740 
0.038593 0.105060 0.074614 0.417238 0.364494 
0.030743 0.140478 0.085824 0.513237 0.229718 
0.017992 0.030962 0.065272 0.322594 0.563180 
0.017516 0.062500 0.140525 0.185908 0.593551 
0.016353 0.020850 0.051922 0.331562 0.579313 
0.009306 0.192470 0.071489 0.346870 0.379865 
0.027754 0.064180 0.082827 0.279271 0.545967 
0.021785 0.148722 0.144952 0.221617 0.462924 
0.016149 0.032712 0.106832 0.175983 0.668323 
0.065795 0.062934 0.103392 0.378423 0.389456 
0.016442 0.045110 0.153035 0.376054 0.409359 
0.053079 0.069639 0.189384 0.286200 0.401699 
0.029762 0.058248 0.048469 0.486820 0.376701 
0.042301 0.077834 0.145939 0.212352 0.521574 
0.019011 0.100972 0.268272 0.340515 0.271229 
0.009317 0.047915 0.046140 0.668146 0.228483 
0.028342 0.116751 0.096024 0.483080 0.275804 
0.010212 0.033088 0.044118 0.410131 0.502451 
0.013395 0.013813 0.047300 0.374215 0.551277 
0.025210 0.026891 0.118487 0.166807 0.662605 
0.011834 0.053677 0.100592 0.234573 0.599324 
0.010621 0.026144 0.036765 0.498366 0.428105 
0.029780 0.094087 0.102719 0.421666 0.351748 
0.014505 0.040199 0.069208 0.271032 0.605056 
0.024107 0.122686 0.066294 0.464055 0.322858 
0.019363 0.042759 0.052844 0.485276 0.399758 
0.012190 0.035351 0.054449 0.370175 0.527834 
0.039625 0.069876 0.109501 0.312740 0.468257 
0.019350 0.017703 0.047345 0.279539 0.636064 
0.013761 0.033778 0.096747 0.362385 0.493328 
0.025470 0.040084 0.101044 0.217537 0.615866 
0.022901 0.056404 0.163274 0.124682 0.632740 
0.037782 0.029158 0.108008 0.405339 0.419713 
0.045671 0.047657 0.080222 0.623908 0.202542 
0.026731 0.055215 0.072743 0.643734 0.201578 
0.048276 0.045842 0.067343 0.481947 0.356592 
0.016170 0.051489 0.083404 0.240000 0.608936 
0.029285 0.102929 0.088286 0.577519 0.201981 
0.015139 0.025368 0.064239 0.653846 0.241408 
0.013693 0.032473 0.081377 0.517214 0.355243 
0.033898 0.121610 0.091102 0.534746 0.218644 
0.029014 0.047695 0.064388 0.542130 0.316773 
0.046180 0.102855 0.150714 0.358102 0.342149 
0.014530 0.037607 0.048718 0.481624 0.417521 
0.033647 0.056528 0.136384 0.460296 0.313145 
0.042066 0.119534 0.099542 0.521033 0.217826 
0.016899 0.085763 0.032531 0.655260 0.209548 
0.020098 0.026661 0.032814 0.652174 0.268253 
0.017007 0.037840 0.050595 0.330357 0.564201 
0.018913 0.031791 0.066801 0.554125 0.328370 
0.012475 0.030584 0.038632 0.676459 0.241851 
0.018489 0.014469 0.152331 0.423232 0.391479 
0.034929 0.106943 0.037516 0.576542 0.244071 
0.008554 0.019552 0.025255 0.763747 0.182892 
0.024928 0.028198 0.033919 0.753984 0.158970 
