0.042870 0.176290 0.480752 0.210411 0.089676 
0.058115 0.154111 0.456307 0.282824 0.048644 
0.052632 0.731187 0.100913 0.096999 0.018269 
0.130286 0.570269 0.126442 0.144383 0.028620 
0.060929 0.207499 0.507456 0.156796 0.067320 
0.164211 0.531196 0.211872 0.061092 0.031629 
0.021785 0.039380 0.876833 0.031839 0.030163 
0.082018 0.118421 0.755702 0.025000 0.018860 
0.687344 0.026381 0.058111 0.175758 0.052406 
0.086726 0.081026 0.666938 0.092020 0.073290 
0.087505 0.066891 0.432899 0.105595 0.307110 
0.088823 0.569486 0.221419 0.044199 0.076073 
0.044388 0.164746 0.421255 0.107981 0.261630 
0.047280 0.029707 0.817573 0.071967 0.033473 
0.025085 0.012755 0.910289 0.019558 0.032313 
0.035310 0.034002 0.846556 0.049259 0.034874 
0.073928 0.132983 0.708224 0.059930 0.024934 
0.168153 0.472187 0.101486 0.043737 0.214437 
0.043346 0.429129 0.265280 0.226701 0.035544 
0.755591 0.185304 0.030351 0.016773 0.011981 
0.184494 0.745439 0.038972 0.015755 0.015340 
0.038003 0.665930 0.025188 0.209898 0.060981 
0.675596 0.246128 0.032231 0.020092 0.025952 
0.179104 0.735294 0.025461 0.033363 0.026778 
0.610932 0.327170 0.031752 0.015675 0.014469 
0.225403 0.728226 0.022984 0.012500 0.010887 
0.076505 0.802258 0.010033 0.071906 0.039298 
0.845815 0.107729 0.022427 0.009612 0.014417 
0.826234 0.099536 0.043442 0.009701 0.021088 
0.559645 0.123519 0.283841 0.013959 0.019036 
0.934307 0.027170 0.010543 0.011760 0.016221 
0.134127 0.731349 0.025794 0.078968 0.029762 
0.887449 0.041296 0.040486 0.016599 0.014170 
0.085080 0.162615 0.693630 0.028500 0.030176 
0.667778 0.233431 0.024177 0.034598 0.040017 
0.625286 0.150038 0.018660 0.123382 0.082635 
0.116696 0.619318 0.047640 0.190997 0.025350 
0.149068 0.763088 0.025288 0.046584 0.015972 
0.030253 0.027392 0.053557 0.513083 0.375715 
0.019616 0.053731 0.094670 0.260981 0.571002 
0.027444 0.139365 0.033019 0.490566 0.309605 
0.034586 0.233988 0.039710 0.437660 0.254056 
0.021757 0.044770 0.030126 0.384100 0.519247 
0.017516 0.053344 0.036226 0.227309 0.665605 
0.013900 0.030662 0.060916 0.515536 0.378986 
0.028765 0.213198 0.032572 0.630288 0.095178 
0.034258 0.083695 0.036427 0.307459 0.538161 
0.019690 0.163385 0.048178 0.340176 0.428571 
0.017805 0.041822 0.060041 0.224845 0.655487 
0.051492 0.039640 0.083776 0.468329 0.356763 
0.027825 0.059865 0.118887 0.542580 0.250843 
0.025478 0.073036 0.158386 0.261996 0.481104 
0.025510 0.087160 0.023384 0.561650 0.302296 
0.023266 0.130288 0.073181 0.226734 0.546531 
0.031686 0.099282 0.082805 0.369666 0.416561 
0.015972 0.051464 0.029281 0.809672 0.093611 
0.027919 0.107022 0.059222 0.655245 0.150592 
0.008578 0.020425 0.039624 0.650735 0.280637 
0.008790 0.019674 0.021766 0.380494 0.569276 
0.012185 0.033613 0.085714 0.162185 0.706303 
0.011834 0.055368 0.045224 0.254861 0.632713 
0.017565 0.027369 0.019608 0.637663 0.297794 
0.049202 0.090634 0.070781 0.539059 0.250324 
0.019892 0.031082 0.054704 0.329051 0.565271 
0.027120 0.099871 0.040895 0.452863 0.379251 
0.028237 0.043163 0.042356 0.680113 0.206132 
0.012597 0.022349 0.043885 0.417716 0.503454 
0.049851 0.101832 0.041755 0.264167 0.542395 
0.016468 0.032935 0.022231 0.405105 0.523261 
0.016264 0.039616 0.030442 0.374062 0.539616 
0.017537 0.047599 0.069311 0.252610 0.612944 
0.017812 0.076336 0.097116 0.103053 0.705683 
0.025462 0.032854 0.060780 0.352772 0.528131 
0.023431 0.054408 0.058380 0.774821 0.088959 
0.019281 0.089395 0.040316 0.748904 0.102103 
0.035294 0.062069 0.069777 0.540365 0.292495 
0.025106 0.057447 0.052340 0.333191 0.531915 
0.024548 0.094746 0.092162 0.719208 0.069337 
0.020867 0.041326 0.034370 0.779460 0.123977 
0.012128 0.063380 0.037559 0.604851 0.282081 
0.033051 0.166525 0.032627 0.621610 0.146186 
0.033386 0.050079 0.070350 0.661367 0.184817 
0.041142 0.160369 0.047439 0.342149 0.408900 
0.008547 0.045299 0.016667 0.573504 0.355983 
0.014805 0.063706 0.089726 0.711978 0.119785 
0.039150 0.149938 0.095377 0.611828 0.103707 
0.013519 0.073088 0.059147 0.729616 0.124630 
0.009024 0.039377 0.020919 0.827728 0.102953 
0.016582 0.032738 0.034439 0.391156 0.525085 
0.012877 0.034205 0.043461 0.692958 0.216499 
0.012475 0.034205 0.027767 0.769014 0.156539 
0.014068 0.026527 0.121383 0.629823 0.208199 
0.039241 0.096162 0.032342 0.771022 0.061233 
0.012220 0.030143 0.013035 0.837882 0.106721 
0.022477 0.020433 0.031876 0.875358 0.049857 
