0.153981 0.159230 0.441382 0.110674 0.134733 
0.114938 0.183384 0.327594 0.283254 0.090831 
0.178338 0.618530 0.073945 0.050892 0.078295 
0.266126 0.409654 0.120461 0.100384 0.103375 
0.078398 0.291862 0.441841 0.129953 0.057946 
0.257799 0.516898 0.126083 0.045927 0.053293 
0.104734 0.100545 0.748638 0.022204 0.023879 
0.134649 0.266228 0.565789 0.015789 0.017544 
0.732977 0.023529 0.050980 0.133690 0.058824 
0.434446 0.118078 0.250407 0.130293 0.066775 
0.145141 0.170804 0.242322 0.071939 0.369794 
0.348066 0.294093 0.231619 0.067573 0.058649 
0.050363 0.230474 0.443875 0.102433 0.172855 
0.389958 0.081172 0.387029 0.060251 0.081590 
0.140731 0.037840 0.769983 0.030187 0.021259 
0.198344 0.070619 0.653008 0.047951 0.030078 
0.156605 0.332021 0.452756 0.037620 0.020997 
0.247983 0.401699 0.123992 0.110403 0.115924 
0.091461 0.361508 0.313827 0.130039 0.103164 
0.716853 0.222045 0.025958 0.014377 0.020767 
0.244610 0.644279 0.075041 0.022803 0.013267 
0.140521 0.480778 0.064074 0.193106 0.121520 
0.362495 0.584763 0.016743 0.017999 0.017999 
0.139157 0.742757 0.068920 0.028095 0.021071 
0.537781 0.401929 0.025322 0.020096 0.014871 
0.361694 0.533065 0.076210 0.010887 0.018145 
0.109532 0.711957 0.047241 0.092809 0.038462 
0.727673 0.231478 0.012014 0.011213 0.017621 
0.754112 0.189793 0.026993 0.009701 0.019401 
0.652284 0.209814 0.094332 0.026227 0.017343 
0.375507 0.596107 0.010949 0.007705 0.009732 
0.446429 0.350000 0.064286 0.100397 0.038889 
0.865992 0.066802 0.033603 0.012955 0.020648 
0.234283 0.502096 0.196982 0.046102 0.020536 
0.212589 0.688203 0.019175 0.023343 0.056690 
0.509139 0.230769 0.059787 0.060168 0.140137 
0.135927 0.565997 0.082605 0.114948 0.100524 
0.176575 0.692990 0.050133 0.062112 0.018190 
0.024121 0.038021 0.117334 0.305397 0.515127 
0.023454 0.070362 0.186354 0.243923 0.475906 
0.031304 0.106346 0.125643 0.412950 0.323756 
0.043980 0.166097 0.131085 0.482921 0.175918 
0.020921 0.031381 0.090377 0.347280 0.510042 
0.025478 0.032643 0.193471 0.195860 0.552548 
0.019624 0.019215 0.132870 0.304579 0.523712 
0.041032 0.135364 0.103215 0.285956 0.434433 
0.023417 0.114050 0.136167 0.258023 0.468343 
0.012568 0.124843 0.238375 0.173021 0.451194 
0.021532 0.043064 0.159420 0.170600 0.605383 
0.061300 0.069473 0.145484 0.344912 0.378831 
0.029933 0.046374 0.215008 0.334317 0.374368 
0.059448 0.092144 0.189384 0.332909 0.326115 
0.028486 0.050595 0.152636 0.422194 0.346088 
0.051607 0.107445 0.190778 0.211929 0.438240 
0.032953 0.090832 0.303338 0.294043 0.278834 
0.010648 0.030169 0.097161 0.623780 0.238243 
0.030457 0.110406 0.132826 0.409898 0.316413 
0.017974 0.024918 0.080882 0.345588 0.530637 
0.010465 0.021766 0.074090 0.419841 0.473838 
0.018067 0.019328 0.145798 0.161345 0.655462 
0.021555 0.056636 0.119611 0.300085 0.502113 
0.013889 0.029003 0.051879 0.474673 0.430556 
0.025464 0.107898 0.121278 0.391023 0.354338 
0.008703 0.046415 0.090758 0.252383 0.601741 
0.017219 0.112785 0.174774 0.407663 0.287559 
0.026220 0.048003 0.067769 0.473578 0.384429 
0.015847 0.014628 0.115807 0.375051 0.478667 
0.040477 0.102258 0.160205 0.343417 0.353643 
0.012762 0.024702 0.080692 0.285303 0.596542 
0.015430 0.031693 0.115930 0.345705 0.491243 
0.025887 0.022547 0.133612 0.212109 0.605846 
0.035623 0.066582 0.175148 0.122561 0.600085 
0.050924 0.035729 0.109240 0.383984 0.420123 
0.033757 0.063145 0.105639 0.607228 0.190230 
0.018405 0.080631 0.107800 0.603418 0.189746 
0.055172 0.044219 0.081542 0.442596 0.376471 
0.026383 0.037021 0.145957 0.233191 0.557447 
0.023686 0.090439 0.097330 0.545220 0.243325 
0.017594 0.039280 0.077332 0.567921 0.297872 
0.018779 0.047731 0.113459 0.503521 0.316510 
0.041949 0.113559 0.131780 0.451271 0.261441 
0.019475 0.053259 0.119634 0.472178 0.335453 
0.038203 0.129303 0.236776 0.261125 0.334593 
0.011966 0.024786 0.088889 0.450855 0.423504 
0.025123 0.061911 0.152983 0.371018 0.388964 
0.035402 0.134111 0.134944 0.451062 0.244481 
0.018166 0.073933 0.111956 0.621884 0.174060 
0.014766 0.032814 0.060295 0.569319 0.322806 
0.017432 0.028912 0.093963 0.355017 0.504677 
0.014085 0.017304 0.117103 0.487324 0.364185 
0.010060 0.022133 0.088531 0.544467 0.334809 
0.023714 0.012862 0.167605 0.391077 0.404743 
0.021130 0.087538 0.098318 0.505821 0.287193 
0.006925 0.021996 0.053360 0.669654 0.248065 
0.018390 0.039640 0.093175 0.654271 0.194524 
