0.236220 0.188101 0.312773 0.105424 0.157480 
0.179509 0.222557 0.250538 0.261731 0.085665 
0.361896 0.389735 0.053936 0.042627 0.151805 
0.326783 0.363947 0.121316 0.079880 0.108073 
0.142309 0.227098 0.360886 0.182787 0.086919 
0.328856 0.366984 0.127383 0.106586 0.070191 
0.218685 0.232090 0.486804 0.021785 0.040637 
0.243860 0.237719 0.485088 0.014912 0.018421 
0.768984 0.064171 0.048841 0.064884 0.053119 
0.419788 0.132329 0.233713 0.146173 0.067997 
0.184687 0.253681 0.148927 0.096761 0.315944 
0.374841 0.210370 0.225669 0.104547 0.084573 
0.089629 0.249253 0.315834 0.136577 0.208707 
0.361925 0.248536 0.195397 0.106276 0.087866 
0.225340 0.190901 0.373299 0.189201 0.021259 
0.405405 0.111160 0.389276 0.039669 0.054490 
0.223972 0.400700 0.283902 0.035433 0.055993 
0.297665 0.239490 0.114225 0.227176 0.121444 
0.170785 0.278283 0.279150 0.129172 0.142609 
0.601438 0.199281 0.107029 0.076677 0.015575 
0.306385 0.324212 0.302239 0.049337 0.017828 
0.301370 0.334512 0.132567 0.119311 0.112240 
0.339473 0.460025 0.066555 0.106739 0.027208 
0.139157 0.652766 0.114135 0.046532 0.047410 
0.393891 0.346463 0.090032 0.131431 0.038183 
0.262903 0.370565 0.286694 0.060081 0.019758 
0.174749 0.492475 0.129181 0.146321 0.057274 
0.690028 0.225871 0.048058 0.024830 0.011213 
0.579081 0.296499 0.056516 0.042176 0.025728 
0.461929 0.268613 0.186125 0.051607 0.031726 
0.368208 0.585158 0.029603 0.009327 0.007705 
0.399206 0.261905 0.129762 0.149603 0.059524 
0.816599 0.087045 0.047368 0.012551 0.036437 
0.350377 0.393546 0.148365 0.036463 0.071249 
0.247186 0.602334 0.051688 0.020842 0.077949 
0.509901 0.193069 0.124143 0.086062 0.086824 
0.242133 0.408654 0.153409 0.123252 0.072552 
0.275510 0.428128 0.125998 0.149956 0.020408 
0.070319 0.096075 0.168438 0.209730 0.455437 
0.085714 0.139446 0.182942 0.306610 0.285288 
0.084048 0.118353 0.149657 0.379503 0.268439 
0.089667 0.108454 0.254910 0.388130 0.158839 
0.057741 0.080753 0.158159 0.356067 0.347280 
0.099124 0.064092 0.183519 0.238057 0.415207 
0.060916 0.042927 0.232216 0.253066 0.410875 
0.063875 0.136210 0.178511 0.218697 0.402707 
0.078925 0.167823 0.137467 0.199046 0.416739 
0.080017 0.160034 0.286552 0.131546 0.341852 
0.052588 0.075362 0.231470 0.129607 0.510973 
0.127912 0.131590 0.151206 0.266449 0.322844 
0.102445 0.088533 0.253373 0.261804 0.293845 
0.098089 0.142675 0.170701 0.334183 0.254352 
0.047619 0.074405 0.235969 0.332483 0.309524 
0.136210 0.151861 0.209814 0.190355 0.311760 
0.079425 0.128433 0.332911 0.235319 0.223912 
0.044809 0.049689 0.164596 0.551020 0.189885 
0.065990 0.146785 0.131557 0.356176 0.299492 
0.033905 0.089869 0.146650 0.213235 0.516340 
0.015906 0.043114 0.151946 0.390540 0.398493 
0.120588 0.084874 0.135714 0.180252 0.478571 
0.070161 0.102705 0.153423 0.285714 0.387997 
0.033905 0.069036 0.119281 0.412582 0.365196 
0.086750 0.093224 0.193353 0.362969 0.263703 
0.043514 0.107335 0.110651 0.273104 0.465396 
0.082652 0.169608 0.185105 0.326302 0.236332 
0.038725 0.087132 0.120613 0.376361 0.377168 
0.055262 0.060951 0.126778 0.373832 0.383178 
0.107371 0.101832 0.176395 0.344695 0.269706 
0.033347 0.090984 0.076575 0.254837 0.544257 
0.093828 0.078816 0.138032 0.301084 0.388240 
0.046764 0.095616 0.214196 0.199582 0.443841 
0.113656 0.091603 0.132740 0.195929 0.466073 
0.075154 0.068583 0.135113 0.332238 0.388912 
0.036140 0.091342 0.183082 0.424146 0.265290 
0.069238 0.115250 0.130149 0.472393 0.212971 
0.098986 0.096552 0.178093 0.355375 0.270994 
0.048085 0.125957 0.160000 0.210638 0.455319 
0.064599 0.159776 0.136090 0.372524 0.267011 
0.035188 0.084288 0.131342 0.428396 0.320786 
0.059468 0.102504 0.138889 0.416275 0.282864 
0.094492 0.117373 0.174153 0.361441 0.252542 
0.046900 0.077504 0.181638 0.350954 0.343005 
0.093199 0.121327 0.288413 0.209488 0.287573 
0.049145 0.092735 0.158974 0.358120 0.341026 
0.082997 0.118439 0.212203 0.243607 0.342755 
0.108705 0.163682 0.176593 0.324448 0.226572 
0.036755 0.101394 0.230672 0.411069 0.220110 
0.032404 0.061526 0.134126 0.424528 0.347416 
0.035289 0.122024 0.154337 0.343112 0.345238 
0.027767 0.057143 0.164185 0.364185 0.386720 
0.028974 0.062777 0.215694 0.363380 0.329175 
0.068328 0.086415 0.213023 0.274920 0.357315 
0.069426 0.094437 0.184994 0.367831 0.283312 
0.015071 0.113238 0.133198 0.444807 0.293686 
0.048222 0.045770 0.223539 0.394769 0.287699 
