0.030184 0.166229 0.528871 0.212598 0.062117 
0.077486 0.148515 0.453293 0.272923 0.047783 
0.046107 0.716833 0.120922 0.080905 0.035233 
0.117471 0.526698 0.181119 0.143101 0.031610 
0.050703 0.224542 0.477205 0.170004 0.077546 
0.185875 0.482669 0.214471 0.057626 0.059359 
0.030582 0.040637 0.881022 0.030163 0.017595 
0.074123 0.126316 0.761404 0.017544 0.020614 
0.709447 0.022103 0.058824 0.173619 0.036007 
0.066368 0.128664 0.631107 0.108306 0.065554 
0.068995 0.098864 0.410181 0.122423 0.299537 
0.084148 0.643009 0.146196 0.045899 0.080748 
0.030730 0.134443 0.423816 0.138711 0.272300 
0.036820 0.040167 0.815900 0.069874 0.037238 
0.021259 0.016156 0.915391 0.022534 0.024660 
0.020052 0.046643 0.843069 0.049695 0.040541 
0.081365 0.118985 0.733158 0.040682 0.025809 
0.192781 0.468790 0.095966 0.053079 0.189384 
0.056350 0.415258 0.278717 0.201127 0.048548 
0.757588 0.182907 0.033946 0.017173 0.008387 
0.189055 0.734660 0.034826 0.020730 0.020730 
0.057888 0.657976 0.022536 0.197967 0.063632 
0.668899 0.261197 0.024278 0.020511 0.025115 
0.208955 0.703248 0.017998 0.042142 0.027656 
0.633441 0.301045 0.020096 0.018489 0.026929 
0.197984 0.727419 0.032661 0.018548 0.023387 
0.082776 0.790970 0.022575 0.066054 0.037625 
0.860633 0.092911 0.025631 0.010813 0.010012 
0.815268 0.111345 0.046816 0.011809 0.014762 
0.562183 0.109983 0.281726 0.021151 0.024958 
0.940389 0.021898 0.010949 0.012976 0.013788 
0.105556 0.744444 0.032937 0.069048 0.048016 
0.902834 0.040891 0.021457 0.017004 0.017814 
0.136211 0.157167 0.660520 0.020536 0.025566 
0.751146 0.138808 0.033764 0.040434 0.035848 
0.650038 0.134044 0.012186 0.122239 0.081493 
0.125437 0.618007 0.039773 0.190559 0.026224 
0.134428 0.779059 0.027063 0.040373 0.019077 
0.026574 0.037612 0.042110 0.584628 0.309076 
0.013220 0.072921 0.078891 0.264392 0.570576 
0.037736 0.140652 0.060463 0.495712 0.265437 
0.035440 0.214347 0.023484 0.419300 0.307430 
0.019247 0.051883 0.029707 0.446444 0.452720 
0.013933 0.058519 0.037818 0.220143 0.669586 
0.021259 0.033524 0.040883 0.542518 0.361815 
0.024112 0.249577 0.035110 0.584179 0.107022 
0.032958 0.120555 0.046834 0.316565 0.483088 
0.030163 0.157520 0.036028 0.310013 0.466276 
0.019462 0.027743 0.068737 0.257143 0.626915 
0.052718 0.060482 0.080507 0.510830 0.295464 
0.019393 0.079680 0.106661 0.572091 0.222175 
0.025902 0.094692 0.176221 0.277282 0.425902 
0.030187 0.069303 0.012755 0.540391 0.347364 
0.035533 0.147208 0.057530 0.235618 0.524112 
0.021124 0.120828 0.059992 0.373046 0.425011 
0.010204 0.057232 0.051464 0.805679 0.075421 
0.033841 0.118020 0.071912 0.653130 0.123096 
0.011438 0.025735 0.034722 0.725082 0.203023 
0.016743 0.023441 0.034743 0.369192 0.555881 
0.020588 0.029832 0.060084 0.209664 0.679832 
0.011834 0.060017 0.036348 0.270921 0.620879 
0.011846 0.021242 0.011846 0.699346 0.255719 
0.029780 0.091929 0.063876 0.576176 0.238239 
0.018649 0.031910 0.047244 0.388728 0.513469 
0.028412 0.086957 0.043909 0.449849 0.390874 
0.021783 0.048407 0.041549 0.722065 0.166196 
0.011377 0.027225 0.035351 0.454693 0.471353 
0.044738 0.081380 0.054538 0.278228 0.541116 
0.010292 0.028407 0.030054 0.435159 0.496089 
0.011259 0.029608 0.058799 0.387406 0.512927 
0.015866 0.040084 0.046764 0.277662 0.619624 
0.013995 0.065734 0.102205 0.155216 0.662850 
0.023819 0.021355 0.071047 0.388912 0.494867 
0.034551 0.071088 0.050040 0.764893 0.079428 
0.015776 0.089395 0.063103 0.755039 0.076687 
0.026775 0.060852 0.056389 0.590669 0.265314 
0.030213 0.040851 0.038723 0.354043 0.536170 
0.017227 0.117140 0.086994 0.713609 0.065030 
0.027414 0.039689 0.040917 0.766367 0.125614 
0.026995 0.055164 0.040689 0.597027 0.280125 
0.039831 0.176695 0.036441 0.633051 0.113983 
0.027822 0.048887 0.078299 0.710254 0.134738 
0.032746 0.186398 0.054156 0.332914 0.393787 
0.012393 0.025641 0.029915 0.628632 0.303419 
0.024226 0.067295 0.104531 0.697174 0.106774 
0.030404 0.167430 0.090379 0.609746 0.102041 
0.021124 0.066329 0.044782 0.763414 0.104351 
0.013126 0.042248 0.024200 0.850287 0.070139 
0.022534 0.030187 0.034014 0.408163 0.505102 
0.008853 0.043058 0.043863 0.720322 0.183903 
0.012475 0.042254 0.032596 0.774648 0.138028 
0.018489 0.028135 0.081994 0.667605 0.203778 
0.037516 0.131522 0.024580 0.751186 0.055196 
0.013849 0.024033 0.011405 0.885132 0.065580 
0.020025 0.031467 0.026154 0.876175 0.046179 
