0.050744 0.172791 0.495626 0.216535 0.064304 
0.076195 0.133018 0.448988 0.283254 0.058545 
0.050892 0.740757 0.107873 0.066116 0.034363 
0.126869 0.527125 0.175993 0.143956 0.026057 
0.061355 0.233490 0.463144 0.159352 0.082659 
0.204939 0.522964 0.157712 0.068024 0.046360 
0.031420 0.051110 0.841223 0.042731 0.033515 
0.094298 0.112281 0.753947 0.019298 0.020175 
0.703030 0.019608 0.059537 0.166132 0.051693 
0.064739 0.136401 0.658795 0.078990 0.061075 
0.065208 0.089609 0.451409 0.090871 0.302903 
0.065873 0.660858 0.141521 0.033999 0.097748 
0.043961 0.127614 0.402902 0.130175 0.295348 
0.045607 0.043933 0.792887 0.074059 0.043515 
0.033588 0.011054 0.894983 0.020833 0.039541 
0.031386 0.045336 0.819529 0.061029 0.042720 
0.086177 0.132108 0.714786 0.039370 0.027559 
0.167728 0.503609 0.091295 0.069639 0.167728 
0.040746 0.424361 0.284785 0.206329 0.043780 
0.763179 0.192891 0.015176 0.018770 0.009984 
0.171642 0.754146 0.030680 0.020730 0.022803 
0.054795 0.646487 0.038886 0.202386 0.057446 
0.680620 0.258267 0.020092 0.024278 0.016743 
0.195347 0.720369 0.030729 0.039947 0.013608 
0.642283 0.299839 0.018489 0.014871 0.024518 
0.228226 0.717339 0.027419 0.012903 0.014113 
0.081522 0.802676 0.018395 0.063127 0.034281 
0.874650 0.082899 0.013216 0.019223 0.010012 
0.837621 0.103332 0.031210 0.012653 0.015183 
0.514382 0.134518 0.315567 0.010575 0.024958 
0.945255 0.019870 0.014599 0.008516 0.011760 
0.101587 0.753571 0.022619 0.080556 0.041667 
0.906883 0.037247 0.029555 0.013360 0.012955 
0.130344 0.143336 0.673931 0.030176 0.022213 
0.746978 0.149229 0.025844 0.047520 0.030429 
0.644326 0.138233 0.014090 0.142422 0.060929 
0.105332 0.633304 0.032343 0.214598 0.014423 
0.140195 0.772848 0.027950 0.042147 0.016859 
0.032298 0.037612 0.053557 0.714636 0.161897 
0.020043 0.069510 0.104051 0.345842 0.460554 
0.032161 0.160806 0.048885 0.512436 0.245712 
0.042699 0.200683 0.021776 0.432963 0.301879 
0.020502 0.044351 0.035983 0.506276 0.392887 
0.015525 0.049761 0.023885 0.237261 0.673567 
0.018397 0.032706 0.051104 0.618561 0.279231 
0.030034 0.223350 0.054146 0.603215 0.089255 
0.021683 0.116219 0.024284 0.396791 0.441023 
0.022204 0.169250 0.037285 0.328027 0.443234 
0.023188 0.038923 0.051760 0.310559 0.575569 
0.056396 0.047814 0.106253 0.519820 0.269718 
0.020658 0.046796 0.148820 0.633642 0.150084 
0.032272 0.095117 0.115499 0.356688 0.400425 
0.028486 0.069728 0.018282 0.580782 0.302721 
0.017343 0.159052 0.066836 0.233080 0.523689 
0.014364 0.136882 0.059992 0.347698 0.441065 
0.019077 0.041260 0.035049 0.818101 0.086513 
0.038917 0.129019 0.062606 0.695854 0.073604 
0.010212 0.027778 0.037990 0.773284 0.150735 
0.017581 0.020092 0.035580 0.427375 0.499372 
0.017647 0.038235 0.060504 0.244118 0.639496 
0.008030 0.043111 0.056213 0.295013 0.597633 
0.016748 0.023284 0.030637 0.719771 0.209559 
0.038843 0.087613 0.075529 0.605956 0.192059 
0.018649 0.024451 0.046001 0.370079 0.540821 
0.031425 0.073612 0.045200 0.488592 0.361171 
0.029447 0.045180 0.027834 0.725292 0.172247 
0.013816 0.030069 0.031694 0.449411 0.475010 
0.038773 0.067320 0.056668 0.301662 0.535577 
0.012351 0.030465 0.030054 0.441334 0.485797 
0.011259 0.037531 0.037948 0.420767 0.492494 
0.019207 0.028392 0.073486 0.315658 0.563257 
0.024173 0.058948 0.123834 0.167939 0.625106 
0.024641 0.022998 0.083368 0.379055 0.489938 
0.022637 0.060763 0.052025 0.794678 0.069897 
0.014899 0.092901 0.062226 0.754601 0.075372 
0.039757 0.051116 0.092089 0.610142 0.206897 
0.018723 0.045532 0.059149 0.367660 0.508936 
0.028854 0.107235 0.072351 0.717916 0.073643 
0.021277 0.040917 0.035188 0.772913 0.129705 
0.019562 0.054773 0.046948 0.600156 0.278560 
0.032627 0.202119 0.026695 0.630932 0.107627 
0.025437 0.073529 0.071542 0.726550 0.102941 
0.047859 0.151973 0.062133 0.371117 0.366919 
0.015385 0.015812 0.034615 0.684188 0.250000 
0.019740 0.067743 0.100045 0.703454 0.109017 
0.029988 0.161183 0.107039 0.614327 0.087464 
0.014364 0.073933 0.023236 0.779890 0.108576 
0.020098 0.034044 0.019688 0.878589 0.047580 
0.027211 0.023810 0.027211 0.422194 0.499575 
0.017706 0.045875 0.049095 0.726761 0.160563 
0.015292 0.035815 0.027767 0.808451 0.112676 
0.023312 0.027733 0.095659 0.700965 0.152331 
0.028029 0.169901 0.034066 0.742130 0.025873 
0.017923 0.019552 0.020367 0.890835 0.051324 
0.021659 0.029832 0.031058 0.888026 0.029424 
