0.048994 0.165354 0.490376 0.168416 0.126859 
0.053379 0.178648 0.454585 0.241929 0.071459 
0.056981 0.734667 0.090474 0.076120 0.041757 
0.152926 0.529261 0.149936 0.127296 0.040581 
0.065190 0.232637 0.468257 0.159352 0.074563 
0.139948 0.553293 0.184142 0.084489 0.038128 
0.040637 0.054462 0.857981 0.020109 0.026812 
0.096491 0.173246 0.686842 0.022807 0.020614 
0.715865 0.022816 0.038859 0.149733 0.072727 
0.280130 0.083062 0.447883 0.106678 0.082248 
0.070677 0.093816 0.443837 0.102230 0.289440 
0.135997 0.397790 0.341266 0.027199 0.097748 
0.041827 0.155783 0.440034 0.134870 0.227486 
0.059833 0.063180 0.751464 0.073222 0.052301 
0.029337 0.015731 0.904337 0.015306 0.035289 
0.037489 0.046643 0.828684 0.054926 0.032258 
0.088364 0.179353 0.657480 0.043745 0.031059 
0.116773 0.541826 0.074310 0.053928 0.213163 
0.043780 0.432163 0.266580 0.204161 0.053316 
0.747604 0.191294 0.027955 0.019968 0.013179 
0.176202 0.761609 0.025705 0.025290 0.011194 
0.044189 0.632346 0.020769 0.208573 0.094123 
0.338217 0.601925 0.022604 0.020092 0.017162 
0.138279 0.771291 0.018876 0.041703 0.029851 
0.561495 0.380225 0.024116 0.018891 0.015273 
0.337097 0.615323 0.018145 0.017339 0.012097 
0.089883 0.775084 0.018813 0.068562 0.047659 
0.833000 0.127753 0.016019 0.012415 0.010813 
0.836778 0.093631 0.026993 0.020245 0.022353 
0.696701 0.144670 0.125635 0.010575 0.022420 
0.921330 0.042579 0.014193 0.012165 0.009732 
0.219444 0.613889 0.031349 0.100397 0.034921 
0.897166 0.038057 0.029960 0.017409 0.017409 
0.103101 0.348282 0.515088 0.017603 0.015926 
0.285536 0.629429 0.020008 0.026261 0.038766 
0.536177 0.217441 0.016375 0.052551 0.177456 
0.100087 0.650787 0.029720 0.157780 0.061626 
0.145963 0.735138 0.023070 0.082076 0.013753 
0.028209 0.040065 0.057645 0.423957 0.450123 
0.024307 0.063966 0.099360 0.256290 0.556077 
0.028302 0.116209 0.053602 0.459262 0.342624 
0.043126 0.189155 0.043553 0.519641 0.204526 
0.020084 0.028870 0.027615 0.353975 0.569456 
0.023885 0.066481 0.038615 0.199841 0.671178 
0.016762 0.017580 0.046198 0.372854 0.546607 
0.017343 0.192047 0.030457 0.458968 0.301184 
0.029922 0.102775 0.045967 0.274501 0.546834 
0.019690 0.157520 0.057394 0.257227 0.508169 
0.013251 0.037267 0.084886 0.186335 0.678261 
0.060482 0.066612 0.082550 0.406212 0.384144 
0.029933 0.047218 0.124789 0.481450 0.316610 
0.040764 0.082378 0.198301 0.263270 0.415287 
0.016156 0.093963 0.026786 0.521259 0.341837 
0.046108 0.113367 0.121404 0.210660 0.508460 
0.019434 0.094635 0.224335 0.366709 0.294888 
0.013753 0.037267 0.046584 0.716948 0.185448 
0.027496 0.133672 0.073181 0.521574 0.244078 
0.013889 0.028186 0.027778 0.503268 0.426879 
0.011302 0.030138 0.027627 0.346589 0.584345 
0.013866 0.025210 0.094958 0.166807 0.699160 
0.020710 0.052832 0.048183 0.257396 0.620879 
0.011438 0.020425 0.024918 0.556373 0.386846 
0.038412 0.124730 0.045749 0.476047 0.315063 
0.020721 0.044343 0.037298 0.284293 0.613344 
0.037882 0.126991 0.046061 0.456307 0.332759 
0.029851 0.039532 0.027834 0.581686 0.321097 
0.013409 0.030882 0.049167 0.373832 0.532710 
0.043034 0.089050 0.084363 0.305496 0.478057 
0.011116 0.037052 0.025937 0.285303 0.640593 
0.019600 0.021268 0.049625 0.366138 0.543369 
0.028392 0.026305 0.084342 0.225887 0.635073 
0.018660 0.069126 0.112383 0.105174 0.694656 
0.031211 0.016838 0.100616 0.397125 0.454209 
0.038125 0.057585 0.033757 0.699365 0.171168 
0.025416 0.061788 0.094216 0.662577 0.156004 
0.039351 0.048276 0.063692 0.471400 0.377282 
0.015319 0.036596 0.074894 0.289362 0.583830 
0.031869 0.092593 0.078811 0.692076 0.104651 
0.018412 0.026596 0.027823 0.727496 0.199673 
0.016823 0.054773 0.053991 0.545383 0.329030 
0.054661 0.149153 0.039407 0.569068 0.187712 
0.027424 0.032194 0.048490 0.641892 0.250000 
0.043241 0.143577 0.081864 0.303107 0.428212 
0.022650 0.022222 0.036752 0.520940 0.397436 
0.018394 0.063257 0.096007 0.576043 0.246299 
0.032070 0.124948 0.113703 0.483132 0.246147 
0.013942 0.070553 0.033376 0.760879 0.121251 
0.013536 0.045939 0.020919 0.721903 0.197703 
0.014031 0.042092 0.039966 0.350340 0.553571 
0.009658 0.039839 0.053924 0.606036 0.290543 
0.012072 0.033803 0.027364 0.761771 0.164990 
0.014068 0.019695 0.103698 0.515675 0.346865 
0.022423 0.148771 0.017249 0.685209 0.126348 
0.019959 0.013035 0.015071 0.807739 0.144196 
0.027789 0.028606 0.026154 0.823457 0.093993 
