0.046807 0.169729 0.497813 0.206912 0.078740 
0.058545 0.184245 0.430047 0.277658 0.049505 
0.056981 0.743367 0.090909 0.084819 0.023923 
0.148227 0.540795 0.126869 0.148654 0.035455 
0.080954 0.198551 0.466553 0.179804 0.074137 
0.202340 0.491768 0.188042 0.077990 0.039861 
0.039799 0.043150 0.863846 0.024717 0.028488 
0.076754 0.115789 0.766228 0.021930 0.019298 
0.715508 0.030660 0.050624 0.165419 0.037790 
0.130293 0.082655 0.625407 0.094055 0.067590 
0.074464 0.084140 0.420698 0.101809 0.318889 
0.126222 0.566936 0.171271 0.039949 0.095623 
0.041400 0.121639 0.406743 0.159198 0.271020 
0.055649 0.035146 0.810460 0.065690 0.033054 
0.025510 0.017857 0.909864 0.014031 0.032738 
0.028771 0.048387 0.829991 0.057105 0.035745 
0.074803 0.136045 0.711724 0.043745 0.033683 
0.211040 0.460722 0.094268 0.053928 0.180042 
0.064153 0.426528 0.211964 0.242739 0.054616 
0.767173 0.169728 0.031550 0.017971 0.013578 
0.200663 0.730100 0.033167 0.026119 0.009950 
0.044631 0.636765 0.030049 0.243040 0.045515 
0.688991 0.223106 0.043114 0.020929 0.023859 
0.176032 0.724759 0.026339 0.046971 0.025900 
0.641881 0.293006 0.031752 0.017685 0.015675 
0.239516 0.697177 0.027016 0.020565 0.015726 
0.078595 0.792642 0.017140 0.056438 0.055184 
0.859031 0.090108 0.028835 0.008811 0.013216 
0.842682 0.099114 0.022353 0.021510 0.014340 
0.602369 0.118020 0.239848 0.014382 0.025381 
0.939173 0.028386 0.012571 0.009327 0.010543 
0.114286 0.711111 0.038095 0.082143 0.054365 
0.906478 0.028340 0.040081 0.009312 0.015789 
0.100168 0.143336 0.695725 0.025985 0.034786 
0.724885 0.175490 0.022926 0.039600 0.037099 
0.623762 0.139375 0.018660 0.099772 0.118431 
0.131119 0.602273 0.037587 0.202797 0.026224 
0.123780 0.771074 0.033718 0.057232 0.014197 
0.022895 0.049877 0.062960 0.540883 0.323385 
0.016631 0.072068 0.090832 0.259701 0.560768 
0.024871 0.144940 0.045883 0.468268 0.316038 
0.038856 0.218617 0.018360 0.449616 0.274552 
0.024268 0.055230 0.023431 0.403347 0.493724 
0.027866 0.058519 0.035828 0.206210 0.671576 
0.023303 0.028209 0.040883 0.515944 0.391660 
0.013959 0.205161 0.033418 0.644670 0.102792 
0.026019 0.111448 0.023851 0.320902 0.517780 
0.025555 0.157520 0.045245 0.277755 0.493925 
0.016977 0.029400 0.062940 0.246377 0.644306 
0.076829 0.063343 0.089497 0.491214 0.279117 
0.013491 0.057757 0.120573 0.554384 0.253794 
0.038217 0.052654 0.164756 0.311677 0.432696 
0.030187 0.070578 0.016156 0.542517 0.340561 
0.022843 0.137056 0.066836 0.244924 0.528342 
0.028306 0.130545 0.058724 0.394170 0.388255 
0.022183 0.056344 0.035936 0.770630 0.114907 
0.039340 0.102792 0.066413 0.659052 0.132403 
0.012255 0.026552 0.041667 0.660539 0.258987 
0.010046 0.025534 0.021348 0.395982 0.547091 
0.013025 0.038655 0.082353 0.166807 0.699160 
0.012257 0.062975 0.036348 0.243026 0.645393 
0.015931 0.013480 0.025327 0.678105 0.267157 
0.030643 0.103151 0.066034 0.552870 0.247303 
0.012847 0.045172 0.045172 0.333195 0.563614 
0.033577 0.112355 0.038743 0.473956 0.341369 
0.031464 0.031868 0.029851 0.714804 0.192013 
0.017066 0.023568 0.036977 0.438440 0.483950 
0.037069 0.072859 0.052833 0.283767 0.553473 
0.018526 0.018526 0.031289 0.389872 0.541787 
0.015847 0.042952 0.046289 0.366138 0.528774 
0.015866 0.051357 0.066806 0.261378 0.604593 
0.017812 0.087786 0.084394 0.114080 0.695929 
0.029979 0.035318 0.078850 0.393018 0.462834 
0.032566 0.061557 0.061160 0.759730 0.084988 
0.024540 0.112182 0.059597 0.725241 0.078440 
0.043002 0.055578 0.051927 0.546856 0.302637 
0.013617 0.037872 0.076170 0.387660 0.484681 
0.027132 0.109388 0.070629 0.720500 0.072351 
0.027823 0.044190 0.032733 0.788052 0.107201 
0.021127 0.057903 0.055164 0.539906 0.325900 
0.048305 0.190678 0.035169 0.609322 0.116525 
0.032591 0.049285 0.058426 0.701908 0.157790 
0.052477 0.174223 0.045760 0.345508 0.382032 
0.015385 0.030769 0.017094 0.602991 0.333761 
0.017048 0.067743 0.111709 0.691790 0.111709 
0.017493 0.164931 0.093711 0.600583 0.123282 
0.026193 0.072666 0.033376 0.732995 0.134770 
0.007793 0.043888 0.030353 0.846185 0.071780 
0.016156 0.032738 0.036565 0.398384 0.516156 
0.018109 0.034608 0.041046 0.722736 0.183501 
0.012475 0.036217 0.021328 0.763380 0.166600 
0.016881 0.018489 0.110531 0.631833 0.222267 
0.020699 0.132816 0.026304 0.774903 0.045278 
0.013035 0.030957 0.024033 0.851324 0.080652 
0.013486 0.051900 0.029424 0.868819 0.036371 
