0.042870 0.167104 0.488626 0.242782 0.058618 
0.057684 0.163582 0.427464 0.305639 0.045631 
0.053067 0.725533 0.113093 0.081340 0.026968 
0.131995 0.579240 0.139257 0.118753 0.030756 
0.074563 0.221133 0.481892 0.168726 0.053686 
0.191508 0.538128 0.142548 0.085355 0.042461 
0.031420 0.047759 0.861751 0.029744 0.029326 
0.077632 0.144737 0.729825 0.024123 0.023684 
0.706595 0.020677 0.050624 0.179679 0.042424 
0.105049 0.127850 0.613599 0.091612 0.061889 
0.068995 0.074464 0.415229 0.098443 0.342869 
0.084148 0.619210 0.165746 0.046324 0.084573 
0.040546 0.132736 0.389671 0.134443 0.302603 
0.039749 0.046444 0.798326 0.089540 0.025941 
0.034439 0.011905 0.897959 0.015731 0.039966 
0.034002 0.034438 0.845684 0.061029 0.024847 
0.093176 0.116360 0.692038 0.059055 0.039370 
0.182590 0.506582 0.071762 0.058174 0.180892 
0.043346 0.396619 0.293021 0.231903 0.035111 
0.781949 0.164936 0.020767 0.013578 0.018770 
0.183250 0.742537 0.030265 0.026949 0.016998 
0.035351 0.662395 0.033142 0.225806 0.043305 
0.694014 0.239849 0.024278 0.024697 0.017162 
0.238367 0.678227 0.021510 0.048288 0.013608 
0.663987 0.276929 0.020096 0.017685 0.021302 
0.254435 0.697581 0.025000 0.012903 0.010081 
0.081104 0.787207 0.022575 0.072324 0.036789 
0.853024 0.094113 0.020825 0.017221 0.014818 
0.811050 0.126107 0.026571 0.016027 0.020245 
0.519459 0.109983 0.336294 0.013113 0.021151 
0.939578 0.018654 0.008516 0.019870 0.013382 
0.129365 0.732143 0.021032 0.077381 0.040079 
0.893927 0.040081 0.034818 0.012551 0.018623 
0.115675 0.116094 0.711232 0.034786 0.022213 
0.736557 0.149646 0.039600 0.042935 0.031263 
0.613481 0.153085 0.015613 0.145088 0.072734 
0.121066 0.623252 0.026661 0.193619 0.035402 
0.152174 0.757764 0.021295 0.049246 0.019521 
0.024121 0.035568 0.059689 0.717089 0.163532 
0.015352 0.069083 0.101493 0.308316 0.505757 
0.041166 0.136792 0.061750 0.499571 0.260720 
0.028181 0.216909 0.033732 0.395389 0.325790 
0.019665 0.041423 0.028033 0.487448 0.423431 
0.013137 0.055732 0.037022 0.213774 0.680334 
0.029436 0.034342 0.026574 0.577269 0.332379 
0.027073 0.218697 0.036379 0.636633 0.081218 
0.022550 0.084562 0.029922 0.336513 0.526453 
0.026393 0.150398 0.052367 0.341433 0.429409 
0.022360 0.024431 0.072050 0.265010 0.616149 
0.073559 0.057213 0.079689 0.521455 0.268083 
0.017285 0.056071 0.127319 0.624368 0.174958 
0.032272 0.065393 0.144798 0.346921 0.410616 
0.020833 0.068452 0.024235 0.559949 0.326531 
0.030880 0.151015 0.058799 0.208545 0.550761 
0.034221 0.134770 0.051542 0.346430 0.433038 
0.020852 0.035049 0.041260 0.797249 0.105590 
0.036379 0.103215 0.065567 0.670897 0.123942 
0.015523 0.022467 0.032271 0.758170 0.171569 
0.010883 0.019674 0.029720 0.424445 0.515278 
0.016387 0.026471 0.076050 0.223529 0.657563 
0.013525 0.066779 0.045647 0.275148 0.598901 
0.012255 0.016340 0.023284 0.723039 0.225082 
0.036254 0.079413 0.069055 0.589124 0.226155 
0.012433 0.043514 0.038956 0.355988 0.549109 
0.048214 0.090400 0.037452 0.468790 0.355144 
0.020976 0.044373 0.023800 0.741428 0.169423 
0.011377 0.025193 0.039821 0.451849 0.471759 
0.042182 0.082233 0.054112 0.311888 0.509587 
0.009057 0.028407 0.025937 0.420749 0.515850 
0.010842 0.044204 0.045455 0.389908 0.509591 
0.021294 0.031733 0.068058 0.293111 0.585804 
0.015691 0.072519 0.114080 0.161154 0.636556 
0.027105 0.032033 0.075565 0.362628 0.502669 
0.041700 0.051628 0.049245 0.766084 0.091342 
0.021472 0.108238 0.054777 0.738387 0.077125 
0.053550 0.043408 0.078296 0.619878 0.204868 
0.022128 0.035319 0.059149 0.392340 0.491064 
0.023256 0.077519 0.066753 0.757967 0.074505 
0.022095 0.047872 0.038871 0.772913 0.118249 
0.017214 0.055164 0.046166 0.589593 0.291862 
0.032203 0.183051 0.050000 0.629237 0.105508 
0.027027 0.067170 0.047297 0.744038 0.114467 
0.036524 0.173384 0.047439 0.350126 0.392527 
0.016667 0.027350 0.027350 0.663248 0.265385 
0.021983 0.051593 0.087483 0.724092 0.114850 
0.024990 0.124948 0.115369 0.616410 0.118284 
0.018589 0.079848 0.032108 0.758766 0.110689 
0.017227 0.043478 0.029122 0.837572 0.072600 
0.015731 0.022959 0.033163 0.417942 0.510204 
0.012072 0.044668 0.061167 0.711871 0.170221 
0.020121 0.031388 0.028974 0.802817 0.116700 
0.012862 0.018489 0.114148 0.708199 0.146302 
0.017249 0.141009 0.025011 0.765416 0.051315 
0.015886 0.026477 0.018737 0.876986 0.061914 
0.025337 0.029832 0.026154 0.880670 0.038006 
