0.051619 0.163605 0.486877 0.210849 0.087052 
0.053379 0.160999 0.483857 0.261731 0.040034 
0.048282 0.725533 0.113963 0.077860 0.034363 
0.115762 0.529261 0.181119 0.146946 0.026912 
0.058372 0.253941 0.446954 0.174265 0.066468 
0.191508 0.498267 0.182409 0.086655 0.041161 
0.022623 0.047340 0.870549 0.021785 0.037704 
0.079825 0.139035 0.735088 0.027193 0.018860 
0.715865 0.024599 0.039929 0.169340 0.050267 
0.087541 0.148616 0.598534 0.100570 0.064739 
0.078250 0.095499 0.429112 0.105175 0.291965 
0.084573 0.610285 0.170846 0.035274 0.099023 
0.034571 0.169868 0.402475 0.149381 0.243705 
0.041423 0.056067 0.782845 0.073640 0.046025 
0.026786 0.023810 0.892857 0.014456 0.042092 
0.037053 0.035745 0.854839 0.037489 0.034874 
0.071741 0.163167 0.694226 0.029746 0.041120 
0.177070 0.481953 0.101062 0.058174 0.181741 
0.049415 0.372779 0.302124 0.228002 0.047681 
0.777556 0.166933 0.032348 0.015575 0.007588 
0.182836 0.750000 0.036070 0.014925 0.016169 
0.050376 0.649580 0.022536 0.236412 0.041096 
0.695689 0.223524 0.028045 0.020929 0.031812 
0.205004 0.704126 0.023266 0.030729 0.036874 
0.604502 0.331190 0.030949 0.015273 0.018087 
0.252419 0.693548 0.025000 0.017742 0.011290 
0.089465 0.790970 0.020067 0.056438 0.043060 
0.877052 0.078895 0.019223 0.013216 0.011614 
0.851539 0.090257 0.029102 0.006326 0.022775 
0.580372 0.109560 0.274535 0.017766 0.017766 
0.940795 0.027170 0.013382 0.009327 0.009327 
0.133730 0.721032 0.031746 0.071032 0.042460 
0.863968 0.060729 0.034413 0.014575 0.026316 
0.110226 0.142917 0.696563 0.032691 0.017603 
0.755315 0.140892 0.027511 0.047937 0.028345 
0.619954 0.132902 0.012947 0.143184 0.091013 
0.112325 0.663024 0.037587 0.152098 0.034965 
0.162378 0.763531 0.026176 0.034161 0.013753 
0.029027 0.040065 0.046198 0.593622 0.291087 
0.017484 0.073774 0.079744 0.271642 0.557356 
0.039451 0.144940 0.058319 0.482847 0.274443 
0.032024 0.243382 0.029035 0.437660 0.257899 
0.020502 0.057741 0.023849 0.433891 0.464017 
0.019506 0.061306 0.040207 0.214172 0.664809 
0.014309 0.023712 0.040474 0.520033 0.401472 
0.024112 0.235195 0.029188 0.597293 0.114213 
0.035993 0.085429 0.047702 0.316999 0.513877 
0.018014 0.168412 0.047759 0.310850 0.454964 
0.019048 0.032298 0.059627 0.238509 0.650518 
0.057213 0.050674 0.085411 0.483449 0.323253 
0.013912 0.051855 0.148820 0.565767 0.219646 
0.034395 0.091295 0.148620 0.307006 0.418684 
0.042517 0.068027 0.014031 0.555697 0.319728 
0.038071 0.162014 0.054146 0.214890 0.530880 
0.020701 0.135192 0.060837 0.383608 0.399662 
0.011535 0.043478 0.051908 0.807897 0.085182 
0.043570 0.101946 0.093909 0.640863 0.119712 
0.011846 0.025735 0.031454 0.699346 0.231618 
0.005023 0.021766 0.023022 0.406028 0.544161 
0.018487 0.023950 0.061765 0.210924 0.684874 
0.010989 0.048605 0.043533 0.257396 0.639476 
0.013480 0.022876 0.022876 0.655637 0.285131 
0.041433 0.070781 0.067328 0.579197 0.241260 
0.013676 0.033983 0.043514 0.365520 0.543307 
0.020232 0.090400 0.038313 0.429617 0.421438 
0.023800 0.049213 0.033078 0.700686 0.193223 
0.013409 0.024380 0.049167 0.433564 0.479480 
0.043034 0.102684 0.049851 0.288027 0.516404 
0.014821 0.017703 0.033347 0.403870 0.530259 
0.015430 0.032944 0.057131 0.378649 0.515847 
0.030063 0.023382 0.070564 0.274322 0.601670 
0.022053 0.075912 0.091603 0.140373 0.670059 
0.034497 0.027105 0.087885 0.390144 0.460370 
0.037728 0.070294 0.050437 0.755759 0.085782 
0.020158 0.102103 0.066170 0.730061 0.081507 
0.041379 0.068560 0.045842 0.600000 0.244219 
0.022128 0.029362 0.050638 0.393191 0.504681 
0.038760 0.098622 0.071059 0.716193 0.075366 
0.020458 0.036007 0.033552 0.793372 0.116612 
0.023865 0.060642 0.040689 0.584898 0.289906 
0.022881 0.232203 0.041949 0.602542 0.100424 
0.023847 0.050079 0.055644 0.733307 0.137122 
0.047859 0.167086 0.049538 0.327876 0.407641 
0.010684 0.028205 0.029060 0.607265 0.324786 
0.020188 0.092867 0.096904 0.670704 0.119336 
0.039150 0.160766 0.072470 0.624740 0.102874 
0.020701 0.077736 0.034221 0.747782 0.119561 
0.010664 0.033634 0.034454 0.846185 0.075062 
0.018707 0.022534 0.025510 0.385204 0.548044 
0.015292 0.046278 0.037022 0.729577 0.171831 
0.014085 0.039034 0.020121 0.808048 0.118712 
0.010450 0.028135 0.120579 0.653939 0.186897 
0.025442 0.121604 0.019405 0.764985 0.068564 
0.014664 0.019552 0.017515 0.865173 0.083096 
0.028606 0.030650 0.031876 0.854924 0.053944 
