0.062555 0.162292 0.493876 0.148294 0.132983 
0.068446 0.157985 0.454585 0.234180 0.084804 
0.077425 0.717268 0.087429 0.069595 0.048282 
0.183682 0.462196 0.164887 0.131568 0.057668 
0.070303 0.224968 0.456327 0.149553 0.098850 
0.184575 0.541594 0.160312 0.067158 0.046360 
0.055300 0.046921 0.846251 0.021366 0.030163 
0.117105 0.177193 0.667105 0.027632 0.010965 
0.701604 0.024955 0.045633 0.160071 0.067736 
0.324511 0.074919 0.421010 0.094055 0.085505 
0.095919 0.077408 0.403870 0.103912 0.318889 
0.258394 0.308542 0.298343 0.048874 0.085848 
0.041400 0.123346 0.505762 0.124627 0.204866 
0.065272 0.042678 0.775314 0.073640 0.043096 
0.062075 0.011480 0.875425 0.017007 0.034014 
0.045336 0.071055 0.800349 0.045772 0.037489 
0.084864 0.189851 0.660105 0.037620 0.027559 
0.150743 0.498089 0.092569 0.054777 0.203822 
0.039879 0.428262 0.278283 0.189423 0.064153 
0.780751 0.166933 0.021565 0.019569 0.011182 
0.163350 0.768242 0.037313 0.020730 0.010365 
0.045073 0.642510 0.028723 0.194432 0.089262 
0.295521 0.638342 0.026371 0.023859 0.015906 
0.123354 0.781826 0.021071 0.031607 0.042142 
0.599678 0.334807 0.025723 0.019695 0.020096 
0.327823 0.613710 0.035081 0.015323 0.008065 
0.089465 0.757107 0.025502 0.069398 0.058528 
0.824590 0.124549 0.020825 0.016820 0.013216 
0.823281 0.101645 0.037115 0.016449 0.021510 
0.698816 0.134095 0.126904 0.017343 0.022843 
0.815896 0.155718 0.007705 0.013382 0.007299 
0.334127 0.466270 0.036905 0.096429 0.066270 
0.900405 0.042510 0.021862 0.012551 0.022672 
0.152557 0.423722 0.367980 0.022632 0.033110 
0.198416 0.709879 0.016674 0.030013 0.045019 
0.562452 0.208302 0.012567 0.043412 0.173267 
0.107955 0.631993 0.027535 0.153846 0.078671 
0.146406 0.742680 0.028838 0.062112 0.019965 
0.018806 0.038021 0.085037 0.373262 0.484873 
0.020469 0.063966 0.122388 0.226866 0.566311 
0.026587 0.113208 0.083190 0.417667 0.359348 
0.035013 0.190436 0.039283 0.513664 0.221605 
0.019247 0.046025 0.040167 0.307531 0.587029 
0.018710 0.044586 0.076035 0.188694 0.671975 
0.025756 0.031071 0.057236 0.353230 0.532706 
0.021997 0.196277 0.045262 0.412437 0.324027 
0.037728 0.100173 0.056808 0.286210 0.519081 
0.025974 0.155425 0.078341 0.238793 0.501466 
0.022774 0.034369 0.088613 0.175983 0.678261 
0.057622 0.056804 0.096445 0.386187 0.402942 
0.026981 0.045953 0.129848 0.403035 0.394182 
0.023779 0.108705 0.174522 0.242463 0.450531 
0.036565 0.045493 0.027636 0.529337 0.360969 
0.045262 0.101100 0.098985 0.204738 0.549915 
0.019011 0.094212 0.252218 0.334601 0.299958 
0.013753 0.047028 0.050133 0.666371 0.222715 
0.021151 0.135364 0.074027 0.489425 0.280034 
0.012255 0.037990 0.032271 0.426062 0.491422 
0.008790 0.021766 0.019674 0.317288 0.632482 
0.014706 0.023109 0.087815 0.152101 0.722269 
0.024514 0.065089 0.054100 0.258242 0.598056 
0.013072 0.019608 0.024510 0.511029 0.431781 
0.022874 0.123435 0.053517 0.456193 0.343979 
0.011604 0.033568 0.055533 0.278077 0.621218 
0.024107 0.099010 0.065002 0.473095 0.338786 
0.023397 0.045583 0.045180 0.534086 0.351755 
0.012597 0.035758 0.039821 0.355953 0.555872 
0.031956 0.070729 0.120579 0.312314 0.464423 
0.013998 0.023466 0.027995 0.302594 0.631947 
0.016681 0.028357 0.071726 0.326105 0.557131 
0.011691 0.049687 0.074322 0.215449 0.648852 
0.030110 0.062341 0.131467 0.113656 0.662426 
0.033265 0.024230 0.084189 0.356879 0.501437 
0.032168 0.048848 0.048451 0.694996 0.175536 
0.018843 0.059159 0.075372 0.666959 0.179667 
0.051521 0.047465 0.070588 0.462475 0.367951 
0.013191 0.053617 0.068936 0.242979 0.621277 
0.024548 0.102929 0.073213 0.630491 0.168820 
0.022913 0.046645 0.029051 0.689444 0.211948 
0.017997 0.048905 0.052426 0.531690 0.348983 
0.026695 0.119492 0.062712 0.560169 0.230932 
0.023847 0.052067 0.057234 0.580684 0.286169 
0.037783 0.128463 0.138539 0.308984 0.386230 
0.014103 0.031624 0.049145 0.479487 0.425641 
0.025572 0.046658 0.114401 0.524899 0.288470 
0.039150 0.106622 0.131612 0.496460 0.226156 
0.016899 0.085340 0.032108 0.692015 0.173638 
0.010664 0.035685 0.028302 0.705906 0.219442 
0.019558 0.031888 0.045918 0.307398 0.595238 
0.011670 0.030584 0.032998 0.605231 0.319517 
0.012475 0.023742 0.036620 0.739638 0.187525 
0.016479 0.019695 0.132637 0.479502 0.351688 
0.035360 0.141440 0.030185 0.589047 0.203967 
0.012220 0.023625 0.016293 0.774745 0.173116 
0.015529 0.031876 0.027380 0.802207 0.123008 
