0.048556 0.140420 0.509624 0.178478 0.122922 
0.047353 0.188119 0.445545 0.255273 0.063711 
0.052197 0.720313 0.102653 0.076990 0.047847 
0.135412 0.527979 0.157625 0.120461 0.058522 
0.076268 0.221133 0.449936 0.175543 0.077120 
0.144714 0.555893 0.201473 0.064125 0.033795 
0.015920 0.042313 0.885212 0.024298 0.032258 
0.104386 0.147807 0.703070 0.030702 0.014035 
0.695544 0.016399 0.051693 0.174688 0.061676 
0.194218 0.094055 0.534202 0.098534 0.078990 
0.067732 0.091292 0.442154 0.122844 0.275978 
0.072673 0.439864 0.352316 0.040799 0.094348 
0.046522 0.129321 0.444302 0.140418 0.239437 
0.041841 0.047699 0.806695 0.064854 0.038912 
0.031888 0.018707 0.894133 0.025085 0.030187 
0.037489 0.029643 0.840453 0.061465 0.030950 
0.077428 0.184164 0.655731 0.050306 0.032371 
0.123142 0.526539 0.092994 0.047983 0.209342 
0.055917 0.383182 0.284352 0.215431 0.061118 
0.762380 0.172923 0.026757 0.018371 0.019569 
0.197761 0.730929 0.027363 0.029436 0.014511 
0.043747 0.643394 0.029165 0.168802 0.114892 
0.356216 0.578066 0.032650 0.015069 0.017999 
0.139596 0.765584 0.031607 0.043898 0.019315 
0.598875 0.339228 0.031350 0.016077 0.014469 
0.314516 0.632661 0.022177 0.021774 0.008871 
0.051839 0.830268 0.017140 0.060619 0.040134 
0.841410 0.103324 0.022026 0.015619 0.017621 
0.836778 0.100801 0.028680 0.013075 0.020666 
0.664552 0.123942 0.169628 0.018613 0.023266 
0.922952 0.034874 0.015815 0.017437 0.008921 
0.155556 0.671429 0.035714 0.095238 0.042063 
0.905263 0.036032 0.026316 0.016194 0.016194 
0.118189 0.204526 0.608550 0.043588 0.025147 
0.313464 0.596915 0.020842 0.024177 0.044602 
0.576161 0.178218 0.011043 0.078827 0.155750 
0.107955 0.633304 0.025787 0.166521 0.066434 
0.104703 0.792369 0.022183 0.061668 0.019077 
0.019215 0.035568 0.052330 0.456255 0.436631 
0.017910 0.059275 0.103198 0.254584 0.565032 
0.031732 0.138079 0.050600 0.451973 0.327616 
0.036294 0.240820 0.023057 0.505124 0.194705 
0.017992 0.035983 0.028452 0.375732 0.541841 
0.012341 0.063296 0.042994 0.192675 0.688694 
0.018397 0.020033 0.042927 0.430090 0.488553 
0.014805 0.212775 0.027919 0.503384 0.241117 
0.023851 0.085429 0.037728 0.309627 0.543365 
0.016339 0.147047 0.048597 0.290742 0.497277 
0.027743 0.024431 0.079917 0.210766 0.657143 
0.052718 0.053535 0.100940 0.440948 0.351859 
0.018550 0.038364 0.116779 0.479764 0.346543 
0.039490 0.060722 0.221231 0.274735 0.403822 
0.025085 0.087160 0.017432 0.515306 0.355017 
0.037648 0.135787 0.077834 0.187817 0.560914 
0.017322 0.106464 0.223067 0.353612 0.299535 
0.010648 0.051464 0.051908 0.737799 0.148181 
0.028342 0.134941 0.050761 0.571912 0.214044 
0.018791 0.024918 0.040033 0.548203 0.368056 
0.007535 0.026371 0.030975 0.335287 0.599833 
0.010084 0.032773 0.074370 0.167227 0.715546 
0.014793 0.048605 0.046915 0.269231 0.620456 
0.020016 0.010621 0.024101 0.578023 0.367239 
0.024601 0.115235 0.057833 0.497195 0.305136 
0.014090 0.036884 0.056361 0.292996 0.599668 
0.021093 0.092122 0.061558 0.485149 0.340077 
0.027027 0.044373 0.042356 0.597015 0.289230 
0.011784 0.028850 0.027631 0.405933 0.525803 
0.051981 0.087346 0.071581 0.321261 0.467831 
0.016879 0.017291 0.020585 0.361466 0.583779 
0.009174 0.036697 0.051710 0.361134 0.541284 
0.026305 0.040084 0.096033 0.232568 0.605010 
0.013147 0.081425 0.106022 0.111535 0.687871 
0.033265 0.025462 0.075565 0.380698 0.485010 
0.037728 0.035743 0.047260 0.729944 0.149325 
0.012270 0.093777 0.075372 0.681420 0.137160 
0.050304 0.065720 0.044625 0.503854 0.335497 
0.017021 0.059574 0.083830 0.279574 0.560000 
0.030577 0.107666 0.064169 0.704565 0.093023 
0.018412 0.045827 0.032324 0.729133 0.174304 
0.026213 0.057512 0.037167 0.566901 0.312207 
0.043644 0.155932 0.032627 0.597034 0.170763 
0.029014 0.054054 0.069157 0.621622 0.226153 
0.049538 0.165827 0.044081 0.346767 0.393787 
0.021368 0.028632 0.043162 0.523504 0.383333 
0.016599 0.065052 0.100493 0.579183 0.238672 
0.038734 0.114952 0.101624 0.589338 0.155352 
0.015632 0.077313 0.037178 0.764681 0.105196 
0.015997 0.037326 0.032814 0.761280 0.152584 
0.020833 0.034014 0.040816 0.362670 0.541667 
0.014085 0.042656 0.044668 0.641449 0.257143 
0.012877 0.035412 0.019718 0.764588 0.167404 
0.025322 0.027331 0.112138 0.551447 0.283762 
0.023717 0.132816 0.040966 0.682191 0.120310 
0.012627 0.021589 0.019552 0.810591 0.135642 
0.021659 0.048222 0.024111 0.848386 0.057622 
