alpha=10.000000
beta=0.100000
ntopics=5
ndocs=50
nwords=7659
liter=100
