0.086000 0.135000 0.103000 0.092000 0.584000 
0.066869 0.223911 0.092199 0.090172 0.526849 
0.036489 0.091716 0.627219 0.094675 0.149901 
0.536150 0.116432 0.181221 0.034742 0.131455 
0.669884 0.126448 0.112934 0.051158 0.039575 
0.136319 0.080818 0.593963 0.054528 0.134372 
0.029359 0.021352 0.033808 0.022242 0.893238 
0.026000 0.024000 0.116000 0.017000 0.817000 
0.847264 0.050912 0.024316 0.045593 0.031915 
0.536000 0.063111 0.108444 0.081778 0.210667 
0.188662 0.088290 0.030669 0.184015 0.508364 
0.637842 0.044521 0.189212 0.065925 0.062500 
0.552502 0.188420 0.036310 0.118744 0.104024 
0.040096 0.083400 0.039294 0.049719 0.787490 
0.012598 0.011811 0.015748 0.024409 0.935433 
0.029779 0.048991 0.034582 0.033622 0.853026 
0.041466 0.040501 0.101254 0.044359 0.772420 
0.590866 0.044719 0.187441 0.092293 0.084681 
0.116044 0.387487 0.151362 0.095863 0.249243 
0.015982 0.015221 0.932268 0.013699 0.022831 
0.025937 0.024015 0.854947 0.030740 0.064361 
0.089151 0.297530 0.486574 0.073040 0.053706 
0.040105 0.027027 0.881430 0.023540 0.027899 
0.035861 0.024590 0.898566 0.020492 0.020492 
0.043964 0.034277 0.863636 0.013413 0.044709 
0.067953 0.014262 0.839765 0.023490 0.054530 
0.046007 0.121528 0.747396 0.060764 0.024306 
0.018325 0.012216 0.936300 0.009599 0.023560 
0.034996 0.013403 0.892033 0.011169 0.048399 
0.032310 0.017771 0.245557 0.013732 0.690630 
0.016683 0.014720 0.939156 0.013739 0.015702 
0.073071 0.090312 0.761084 0.036946 0.038588 
0.015966 0.013445 0.915966 0.013445 0.041176 
0.054735 0.030408 0.118158 0.048653 0.748045 
0.570044 0.012335 0.362996 0.022907 0.031718 
0.041594 0.027730 0.854419 0.050260 0.025997 
0.034521 0.144766 0.673719 0.081292 0.065702 
0.042718 0.078641 0.821359 0.022330 0.034951 
0.027081 0.363089 0.040120 0.502508 0.067202 
0.057911 0.197518 0.039297 0.595657 0.109617 
0.097802 0.357143 0.105495 0.347253 0.092308 
0.158628 0.453376 0.126474 0.231511 0.030011 
0.036830 0.266741 0.049107 0.601562 0.045759 
0.329949 0.142978 0.022843 0.467005 0.037225 
0.048404 0.296601 0.029866 0.582904 0.042225 
0.289143 0.420571 0.069714 0.155429 0.065143 
0.067879 0.190303 0.061818 0.627879 0.052121 
0.241920 0.230167 0.048972 0.439765 0.039177 
0.032706 0.128840 0.016848 0.741328 0.080278 
0.084572 0.484201 0.067844 0.271375 0.092007 
0.054144 0.530387 0.018785 0.224309 0.172376 
0.067951 0.195740 0.042596 0.353955 0.339757 
0.058997 0.283186 0.058997 0.556539 0.042281 
0.300370 0.133087 0.059150 0.439926 0.067468 
0.060229 0.541109 0.064054 0.259082 0.075526 
0.054054 0.659459 0.032432 0.215135 0.038919 
0.052204 0.584687 0.085847 0.156613 0.120650 
0.032258 0.372636 0.018910 0.538376 0.037820 
0.036881 0.185458 0.015806 0.721812 0.040042 
0.051357 0.059109 0.020349 0.807171 0.062016 
0.029183 0.151751 0.020428 0.730545 0.068093 
0.031390 0.389013 0.023543 0.522422 0.033632 
0.048335 0.572503 0.063373 0.211600 0.104189 
0.028708 0.173206 0.026794 0.694737 0.076555 
0.066667 0.224615 0.045128 0.566154 0.097436 
0.036534 0.564718 0.041754 0.289144 0.067850 
0.023398 0.215666 0.023398 0.698881 0.038657 
0.335010 0.154930 0.044266 0.432596 0.033199 
0.016113 0.171198 0.033233 0.742195 0.037261 
0.064351 0.187947 0.016343 0.662921 0.068437 
0.065366 0.149268 0.029268 0.657561 0.098537 
0.043878 0.067347 0.063265 0.659184 0.166327 
0.047826 0.581739 0.023478 0.238261 0.108696 
0.077073 0.672195 0.056585 0.133659 0.060488 
0.059293 0.647662 0.038769 0.168757 0.085519 
0.066536 0.537182 0.024462 0.320939 0.050881 
0.051073 0.299285 0.032686 0.512768 0.104188 
0.067039 0.620112 0.062570 0.170950 0.079330 
0.062112 0.650104 0.025880 0.213251 0.048654 
0.064257 0.353414 0.038153 0.484940 0.059237 
0.115385 0.616453 0.113248 0.130342 0.024573 
0.079304 0.621857 0.044487 0.213733 0.040619 
0.046809 0.614894 0.117021 0.158511 0.062766 
0.041712 0.387486 0.024149 0.512623 0.034029 
0.087883 0.540613 0.045273 0.243675 0.082557 
0.133765 0.556634 0.053937 0.158576 0.097087 
0.051512 0.642777 0.035834 0.213886 0.055991 
0.069130 0.680572 0.022646 0.177592 0.050060 
0.042071 0.248112 0.020496 0.646170 0.043150 
0.058409 0.559919 0.024169 0.310171 0.047331 
0.293699 0.410569 0.022358 0.245935 0.027439 
0.072423 0.382544 0.022284 0.419684 0.103064 
0.056354 0.372376 0.070718 0.460773 0.039779 
0.020243 0.791498 0.027328 0.140688 0.020243 
0.035753 0.801733 0.030336 0.074756 0.057421 
