0.130000 0.156000 0.085000 0.072000 0.557000 
0.046606 0.237082 0.096251 0.070922 0.549139 
0.048323 0.075937 0.670611 0.057199 0.147929 
0.529577 0.115493 0.176526 0.050704 0.127700 
0.695946 0.110039 0.106178 0.054054 0.033784 
0.074002 0.090555 0.571568 0.040896 0.222980 
0.016904 0.024911 0.042705 0.018683 0.896797 
0.026000 0.027000 0.089000 0.014000 0.844000 
0.844985 0.067629 0.025076 0.039514 0.022796 
0.493333 0.064000 0.100444 0.090667 0.251556 
0.342007 0.065985 0.037175 0.216543 0.338290 
0.624144 0.045377 0.218322 0.059932 0.052226 
0.524043 0.172718 0.044161 0.134446 0.124632 
0.053729 0.079391 0.032879 0.032879 0.801123 
0.022047 0.012598 0.011811 0.022835 0.930709 
0.022094 0.058598 0.048031 0.031700 0.839577 
0.044359 0.048216 0.106075 0.046287 0.755063 
0.578497 0.058040 0.192198 0.086584 0.084681 
0.102926 0.380424 0.153380 0.077699 0.285570 
0.025875 0.018265 0.910198 0.012177 0.033486 
0.019212 0.032661 0.874159 0.030740 0.043228 
0.151450 0.293233 0.453276 0.061224 0.040816 
0.031386 0.022668 0.895379 0.023540 0.027027 
0.028689 0.018443 0.895492 0.030738 0.026639 
0.039493 0.021610 0.865872 0.020864 0.052161 
0.063758 0.015940 0.872483 0.023490 0.024329 
0.046875 0.097222 0.777778 0.057292 0.020833 
0.015707 0.017452 0.918848 0.010471 0.037522 
0.029039 0.016381 0.891288 0.011169 0.052122 
0.025848 0.012116 0.281906 0.017771 0.662359 
0.031403 0.016683 0.917566 0.017664 0.016683 
0.075534 0.090312 0.768473 0.030378 0.035304 
0.015966 0.014286 0.920168 0.011765 0.037815 
0.032146 0.039096 0.121633 0.026933 0.780191 
0.557709 0.015859 0.386784 0.014097 0.025551 
0.064125 0.053726 0.824090 0.038995 0.019064 
0.042316 0.174833 0.663697 0.059020 0.060134 
0.039806 0.100000 0.805825 0.023301 0.031068 
0.042126 0.505517 0.025075 0.358074 0.069208 
0.052740 0.209928 0.032058 0.589452 0.115822 
0.123077 0.427473 0.101099 0.298901 0.049451 
0.145766 0.517685 0.095391 0.193998 0.047160 
0.062500 0.273438 0.042411 0.561384 0.060268 
0.148054 0.142978 0.031303 0.627750 0.049915 
0.040165 0.435633 0.027806 0.462410 0.033986 
0.365714 0.461714 0.051429 0.067429 0.053714 
0.053333 0.218182 0.056970 0.629091 0.042424 
0.212537 0.219393 0.047992 0.479922 0.040157 
0.027750 0.156591 0.016848 0.721506 0.077304 
0.086431 0.548327 0.051115 0.169145 0.144981 
0.059669 0.574586 0.036464 0.191160 0.138122 
0.055781 0.212982 0.046653 0.370183 0.314402 
0.066863 0.306785 0.056047 0.541790 0.028515 
0.198706 0.195009 0.041590 0.511091 0.053604 
0.059273 0.566922 0.077438 0.220841 0.075526 
0.051892 0.718919 0.042162 0.140541 0.046486 
0.071926 0.653132 0.089327 0.103248 0.082367 
0.021135 0.477197 0.018910 0.436040 0.046719 
0.021075 0.245522 0.015806 0.690200 0.027397 
0.049419 0.085271 0.021318 0.792636 0.051357 
0.042802 0.189689 0.028210 0.702335 0.036965 
0.036996 0.487668 0.028027 0.409193 0.038117 
0.038668 0.612245 0.052632 0.187970 0.108485 
0.034450 0.215311 0.039234 0.645933 0.065072 
0.056410 0.277949 0.060513 0.522051 0.083077 
0.046973 0.602296 0.032359 0.259916 0.058455 
0.022380 0.259410 0.018311 0.654120 0.045778 
0.334004 0.220322 0.040241 0.355131 0.050302 
0.034240 0.200403 0.018127 0.706949 0.040282 
0.065373 0.232891 0.038815 0.604699 0.058223 
0.079024 0.186341 0.036098 0.610732 0.087805 
0.038776 0.082653 0.065306 0.682653 0.130612 
0.055652 0.544348 0.034783 0.273043 0.092174 
0.056585 0.728780 0.059512 0.107317 0.047805 
0.093501 0.690992 0.047891 0.129989 0.037628 
0.056751 0.585127 0.035225 0.265166 0.057730 
0.042901 0.327886 0.036772 0.498468 0.093973 
0.049162 0.668156 0.077095 0.119553 0.086034 
0.095238 0.692547 0.022774 0.141822 0.047619 
0.079317 0.368474 0.030120 0.471888 0.050201 
0.104701 0.659188 0.101496 0.100427 0.034188 
0.114120 0.641199 0.037718 0.162476 0.044487 
0.084043 0.630851 0.093617 0.134043 0.057447 
0.039517 0.513721 0.030735 0.379802 0.036224 
0.078562 0.605859 0.053262 0.178429 0.083888 
0.100324 0.635383 0.051780 0.094930 0.117584 
0.036954 0.669653 0.047032 0.178052 0.068309 
0.040524 0.790226 0.022646 0.115614 0.030989 
0.052859 0.234088 0.023732 0.658037 0.031284 
0.037261 0.612286 0.027190 0.267875 0.055388 
0.275407 0.442073 0.032520 0.220528 0.029472 
0.044568 0.524605 0.024141 0.311978 0.094708 
0.069613 0.371271 0.085083 0.436464 0.037569 
0.020243 0.819838 0.021255 0.113360 0.025304 
0.035753 0.829902 0.031419 0.062839 0.040087 
