0.108000 0.141000 0.087000 0.079000 0.585000 
0.065856 0.247214 0.097264 0.082067 0.507599 
0.054241 0.086785 0.668639 0.077909 0.112426 
0.566197 0.121127 0.142723 0.029108 0.140845 
0.692085 0.123552 0.102317 0.047297 0.034749 
0.083739 0.071081 0.602726 0.038948 0.203505 
0.029359 0.024021 0.049822 0.016904 0.879893 
0.034000 0.020000 0.080000 0.021000 0.845000 
0.852584 0.063070 0.020517 0.036474 0.027356 
0.568889 0.047111 0.082667 0.080889 0.220444 
0.175651 0.101301 0.038104 0.185874 0.499071 
0.620719 0.046233 0.201199 0.072774 0.059075 
0.531894 0.171737 0.041217 0.141315 0.113837 
0.052125 0.098637 0.025662 0.034483 0.789094 
0.017323 0.015748 0.010236 0.022047 0.934646 
0.032661 0.067243 0.030740 0.027858 0.841499 
0.045323 0.046287 0.116683 0.041466 0.750241 
0.566127 0.056137 0.198858 0.105614 0.073264 
0.142281 0.353179 0.154390 0.100908 0.249243 
0.020548 0.018265 0.921613 0.013699 0.025875 
0.036503 0.026897 0.854947 0.035543 0.046110 
0.092374 0.309345 0.500537 0.061224 0.036520 
0.038361 0.022668 0.870968 0.028771 0.039233 
0.033811 0.023566 0.890369 0.026639 0.025615 
0.042474 0.023845 0.858420 0.019374 0.055887 
0.067953 0.025168 0.859899 0.017617 0.029362 
0.065104 0.122396 0.743056 0.047743 0.021701 
0.019197 0.015707 0.917103 0.013962 0.034031 
0.054356 0.011914 0.862993 0.026061 0.044676 
0.037964 0.013732 0.310178 0.027464 0.610662 
0.022571 0.015702 0.936212 0.013739 0.011776 
0.091133 0.088670 0.756979 0.037767 0.025452 
0.009244 0.015966 0.936975 0.012605 0.025210 
0.033015 0.053866 0.114683 0.045178 0.753258 
0.567401 0.017621 0.373568 0.021145 0.020264 
0.055459 0.044194 0.835355 0.039861 0.025130 
0.032294 0.168151 0.663697 0.079065 0.056793 
0.045631 0.092233 0.792233 0.026214 0.043689 
0.051153 0.406219 0.030090 0.441324 0.071214 
0.077559 0.189245 0.028956 0.596691 0.107549 
0.092308 0.415385 0.100000 0.328571 0.063736 
0.161844 0.479100 0.087889 0.231511 0.039657 
0.045759 0.273438 0.043527 0.592634 0.044643 
0.236887 0.169205 0.021997 0.536379 0.035533 
0.038105 0.400618 0.029866 0.491246 0.040165 
0.382857 0.436571 0.040000 0.084571 0.056000 
0.059394 0.186667 0.050909 0.660606 0.042424 
0.275220 0.211557 0.049951 0.427032 0.036239 
0.027750 0.190287 0.011893 0.695738 0.074331 
0.089219 0.549257 0.060409 0.213755 0.087361 
0.054144 0.572376 0.019890 0.169061 0.184530 
0.081136 0.244422 0.035497 0.329615 0.309331 
0.080629 0.353982 0.035398 0.511308 0.018682 
0.227357 0.164510 0.048983 0.497227 0.061922 
0.059273 0.569790 0.063098 0.239962 0.067878 
0.047568 0.722162 0.048649 0.147027 0.034595 
0.096288 0.636891 0.068445 0.114849 0.083527 
0.025584 0.452725 0.021135 0.466073 0.034483 
0.025290 0.241307 0.018967 0.682824 0.031612 
0.030039 0.064922 0.014535 0.810078 0.080426 
0.035019 0.180934 0.027237 0.697471 0.059339 
0.024664 0.487668 0.025785 0.426009 0.035874 
0.033298 0.555317 0.070892 0.187970 0.152524 
0.023923 0.186603 0.024880 0.695694 0.068900 
0.081026 0.248205 0.041026 0.526154 0.103590 
0.056367 0.588727 0.050104 0.252610 0.052192 
0.035605 0.261445 0.020346 0.636826 0.045778 
0.370221 0.196177 0.042254 0.357143 0.034205 
0.027190 0.195368 0.028197 0.720040 0.029204 
0.067416 0.208376 0.022472 0.628192 0.073544 
0.072195 0.168780 0.031220 0.618537 0.109268 
0.035714 0.085714 0.064286 0.683673 0.130612 
0.066087 0.592174 0.025217 0.234783 0.081739 
0.047805 0.717073 0.060488 0.120976 0.053659 
0.086659 0.648803 0.028506 0.143672 0.092360 
0.057730 0.608611 0.027397 0.250489 0.055773 
0.062308 0.302349 0.025536 0.504597 0.105209 
0.072626 0.623464 0.071508 0.153073 0.079330 
0.060041 0.697723 0.018634 0.169772 0.053830 
0.070281 0.366466 0.035141 0.475904 0.052209 
0.102564 0.669872 0.100427 0.086538 0.040598 
0.060928 0.668279 0.041586 0.183752 0.045455 
0.067021 0.610638 0.087234 0.153191 0.081915 
0.030735 0.510428 0.023052 0.400659 0.035126 
0.065246 0.585885 0.050599 0.226365 0.071904 
0.135922 0.632147 0.056095 0.089536 0.086300 
0.057111 0.677492 0.045913 0.178052 0.041433 
0.076281 0.730632 0.035757 0.123957 0.033373 
0.048544 0.190939 0.020496 0.681769 0.058252 
0.060423 0.595166 0.019134 0.282981 0.042296 
0.285569 0.456301 0.033537 0.189024 0.035569 
0.040854 0.519034 0.025070 0.315692 0.099350 
0.046409 0.379006 0.089503 0.457459 0.027624 
0.022267 0.842105 0.018219 0.095142 0.022267 
0.031419 0.824485 0.034670 0.080173 0.029252 
