0.101000 0.076000 0.092000 0.120000 0.611000 
0.049645 0.259372 0.072948 0.145897 0.472138 
0.042406 0.053254 0.591716 0.083826 0.228797 
0.305164 0.195305 0.254460 0.061972 0.183099 
0.682432 0.055985 0.128378 0.062741 0.070463 
0.104187 0.090555 0.585200 0.050633 0.169426 
0.030249 0.161032 0.051601 0.019573 0.737544 
0.047000 0.024000 0.460000 0.071000 0.398000 
0.842705 0.032675 0.033435 0.062310 0.028875 
0.585778 0.053333 0.131556 0.075556 0.153778 
0.091078 0.203532 0.042751 0.150558 0.512082 
0.339897 0.066781 0.267979 0.039384 0.285959 
0.182532 0.473994 0.064769 0.096173 0.182532 
0.101844 0.187650 0.052125 0.040096 0.618284 
0.020472 0.070079 0.222835 0.025984 0.660630 
0.024976 0.076849 0.032661 0.039385 0.826129 
0.074253 0.069431 0.101254 0.045323 0.709740 
0.254995 0.210276 0.358706 0.074215 0.101808 
0.085772 0.387487 0.090817 0.149344 0.286579 
0.019787 0.012177 0.773212 0.013699 0.181126 
0.040346 0.036503 0.781940 0.029779 0.111431 
0.051557 0.175081 0.539205 0.142857 0.091300 
0.032258 0.039233 0.871840 0.013949 0.042720 
0.043033 0.023566 0.839139 0.021516 0.072746 
0.046945 0.039493 0.726528 0.020119 0.166915 
0.114094 0.023490 0.787752 0.016779 0.057886 
0.036458 0.168403 0.699653 0.048611 0.046875 
0.019197 0.018325 0.837696 0.011344 0.113438 
0.043187 0.021593 0.793745 0.011914 0.129561 
0.312601 0.022617 0.508885 0.013732 0.142165 
0.017664 0.018646 0.899902 0.012758 0.051030 
0.035304 0.073892 0.735632 0.059934 0.095238 
0.018487 0.011765 0.380672 0.010084 0.578992 
0.057341 0.434405 0.210252 0.031277 0.266725 
0.515419 0.015859 0.399119 0.014097 0.055507 
0.046794 0.041594 0.387348 0.044194 0.480069 
0.036748 0.100223 0.565702 0.144766 0.152561 
0.049515 0.086408 0.723301 0.032039 0.108738 
0.051153 0.254764 0.029087 0.594784 0.070211 
0.157187 0.191313 0.029990 0.420889 0.200620 
0.102198 0.323077 0.101099 0.421978 0.051648 
0.077170 0.521972 0.111468 0.233655 0.055734 
0.117188 0.114955 0.037946 0.641741 0.088170 
0.219966 0.369712 0.031303 0.352792 0.026227 
0.048404 0.321318 0.022657 0.569516 0.038105 
0.244571 0.355429 0.105143 0.257143 0.037714 
0.082424 0.145455 0.042424 0.653333 0.076364 
0.277179 0.245837 0.044074 0.368266 0.064643 
0.043608 0.125867 0.020813 0.738355 0.071358 
0.226766 0.418216 0.046468 0.246283 0.062268 
0.068508 0.409945 0.041989 0.339227 0.140331 
0.112576 0.160243 0.043611 0.472617 0.210953 
0.084562 0.234022 0.046214 0.599803 0.035398 
0.240296 0.171904 0.066543 0.422366 0.098891 
0.059273 0.440727 0.066922 0.377629 0.055449 
0.071351 0.390270 0.031351 0.461622 0.045405 
0.085847 0.306265 0.061485 0.270302 0.276102 
0.033370 0.202447 0.034483 0.698554 0.031146 
0.230769 0.172813 0.011591 0.563751 0.021075 
0.126938 0.076550 0.019380 0.724806 0.052326 
0.175097 0.188716 0.037938 0.556420 0.041829 
0.072870 0.246637 0.029148 0.616592 0.034753 
0.079484 0.375940 0.050483 0.406015 0.088077 
0.050718 0.135885 0.030622 0.725359 0.057416 
0.212308 0.201026 0.027692 0.484103 0.074872 
0.085595 0.415449 0.033403 0.416493 0.049061 
0.081384 0.227874 0.020346 0.620549 0.049847 
0.414487 0.159960 0.048290 0.337022 0.040241 
0.038268 0.128902 0.022155 0.777442 0.033233 
0.229826 0.144025 0.020429 0.537283 0.068437 
0.188293 0.150244 0.037073 0.484878 0.139512 
0.095918 0.067347 0.051020 0.382653 0.403061 
0.071304 0.640000 0.025217 0.195652 0.067826 
0.066341 0.440976 0.044878 0.409756 0.038049 
0.122007 0.400228 0.043330 0.370582 0.063854 
0.109589 0.290607 0.032290 0.542074 0.025440 
0.222676 0.232891 0.023493 0.461696 0.059244 
0.060335 0.416760 0.068156 0.402235 0.052514 
0.251553 0.320911 0.023810 0.353002 0.050725 
0.265060 0.203815 0.028112 0.448795 0.054217 
0.102564 0.504274 0.092949 0.247863 0.052350 
0.088975 0.378143 0.030948 0.451644 0.050290 
0.062766 0.494681 0.068085 0.262766 0.111702 
0.062569 0.268935 0.024149 0.599341 0.045005 
0.083888 0.348868 0.045273 0.478029 0.043941 
0.097087 0.442287 0.045307 0.304207 0.111111 
0.078387 0.515118 0.040314 0.331467 0.034714 
0.051251 0.439809 0.032181 0.436234 0.040524 
0.110032 0.155340 0.021575 0.680690 0.032362 
0.072508 0.339376 0.035247 0.509567 0.043303 
0.329268 0.169715 0.020325 0.447154 0.033537 
0.085422 0.161560 0.025998 0.613742 0.113278 
0.050829 0.177901 0.110497 0.606630 0.054144 
0.031377 0.479757 0.019231 0.442308 0.027328 
0.044420 0.484290 0.030336 0.400867 0.040087 
