alpha=10.000000
beta=0.100000
ntopics=5
ndocs=95
nwords=19513
liter=180
