0.099000 0.117000 0.081000 0.105000 0.598000 
0.081054 0.259372 0.100304 0.103343 0.455927 
0.046351 0.071992 0.657791 0.085799 0.138067 
0.604695 0.106103 0.133333 0.045070 0.110798 
0.703668 0.091699 0.110039 0.059846 0.034749 
0.098345 0.101266 0.618306 0.032132 0.149951 
0.022242 0.023132 0.030249 0.017794 0.906584 
0.026000 0.029000 0.099000 0.021000 0.825000 
0.852584 0.056231 0.023556 0.040274 0.027356 
0.580444 0.062222 0.086222 0.099556 0.171556 
0.208178 0.084572 0.039963 0.164498 0.502788 
0.667808 0.034247 0.183219 0.066781 0.047945 
0.368008 0.279686 0.042198 0.120707 0.189401 
0.036087 0.088212 0.034483 0.034483 0.806736 
0.011811 0.022835 0.016535 0.031496 0.917323 
0.032661 0.062440 0.034582 0.026897 0.843420 
0.030858 0.038573 0.136933 0.050145 0.743491 
0.583254 0.034253 0.192198 0.093245 0.097050 
0.098890 0.409687 0.138244 0.108981 0.244198 
0.018265 0.016743 0.932268 0.009132 0.023592 
0.041306 0.025937 0.857829 0.028818 0.046110 
0.100967 0.259936 0.485499 0.103115 0.050483 
0.040976 0.022668 0.891892 0.017437 0.027027 
0.020492 0.030738 0.882172 0.031762 0.034836 
0.043219 0.019374 0.865872 0.023845 0.047690 
0.058725 0.024329 0.871644 0.017617 0.027685 
0.052951 0.133681 0.727431 0.062500 0.023438 
0.016579 0.020070 0.926702 0.013089 0.023560 
0.032762 0.020104 0.887565 0.013403 0.046165 
0.044426 0.012116 0.284330 0.018578 0.640549 
0.031403 0.018646 0.915604 0.015702 0.018646 
0.059934 0.106732 0.741379 0.050903 0.041051 
0.014286 0.009244 0.922689 0.012605 0.041176 
0.046047 0.031277 0.143354 0.047785 0.731538 
0.570925 0.014978 0.377093 0.015859 0.021145 
0.035529 0.026863 0.850953 0.054593 0.032062 
0.032294 0.134744 0.682628 0.103563 0.046771 
0.036893 0.107767 0.799029 0.027184 0.029126 
0.043129 0.332999 0.036108 0.509529 0.078235 
0.059979 0.192347 0.046536 0.574974 0.126163 
0.095604 0.349451 0.106593 0.389011 0.059341 
0.080386 0.500536 0.117899 0.255091 0.046088 
0.068080 0.203125 0.037946 0.650670 0.040179 
0.294416 0.112521 0.016920 0.518613 0.057530 
0.045314 0.301751 0.027806 0.583934 0.041195 
0.272000 0.480000 0.062857 0.133714 0.051429 
0.058182 0.172121 0.042424 0.675152 0.052121 
0.219393 0.228208 0.042116 0.472086 0.038198 
0.035679 0.098117 0.014866 0.776016 0.075322 
0.080855 0.482342 0.051115 0.284387 0.101301 
0.026519 0.519337 0.029834 0.250829 0.173481 
0.073022 0.172414 0.030426 0.384381 0.339757 
0.066863 0.280236 0.049164 0.572271 0.031465 
0.324399 0.126617 0.064695 0.427911 0.056377 
0.038241 0.553537 0.059273 0.268642 0.080306 
0.051892 0.609730 0.028108 0.260541 0.049730 
0.095128 0.584687 0.082367 0.187935 0.049884 
0.028921 0.282536 0.021135 0.615128 0.052280 
0.028451 0.171760 0.021075 0.748156 0.030558 
0.050388 0.060078 0.021318 0.784884 0.083333 
0.038911 0.132296 0.026265 0.758755 0.043774 
0.026906 0.326233 0.024664 0.589686 0.032511 
0.042965 0.583244 0.062299 0.190118 0.121375 
0.041148 0.135885 0.027751 0.735885 0.059330 
0.070769 0.231795 0.038974 0.566154 0.092308 
0.048017 0.530271 0.040710 0.334029 0.046973 
0.042726 0.210580 0.016277 0.683622 0.046796 
0.365191 0.141851 0.055332 0.383300 0.054326 
0.022155 0.107754 0.015106 0.804632 0.050352 
0.072523 0.160368 0.019408 0.687436 0.060266 
0.073171 0.134634 0.030244 0.665366 0.096585 
0.054082 0.073469 0.047959 0.525510 0.298980 
0.074783 0.555652 0.016522 0.246957 0.106087 
0.062439 0.632195 0.060488 0.208780 0.036098 
0.055872 0.632839 0.041049 0.208666 0.061574 
0.061644 0.497065 0.043053 0.326810 0.071429 
0.039837 0.260470 0.036772 0.556691 0.106231 
0.042458 0.558659 0.063687 0.210056 0.125140 
0.063147 0.611801 0.023810 0.256729 0.044513 
0.173695 0.298193 0.033133 0.435743 0.059237 
0.080128 0.608974 0.101496 0.172009 0.037393 
0.061896 0.596712 0.031915 0.255319 0.054159 
0.065957 0.600000 0.071277 0.190426 0.072340 
0.027442 0.336992 0.027442 0.548847 0.059276 
0.047936 0.483356 0.046605 0.331558 0.090546 
0.108954 0.549083 0.083064 0.180151 0.078749 
0.029115 0.641657 0.031355 0.246361 0.051512 
0.021454 0.680572 0.023838 0.230036 0.044100 
0.040992 0.168285 0.019417 0.717368 0.053937 
0.041289 0.548842 0.025176 0.339376 0.045317 
0.287602 0.324187 0.013211 0.348577 0.026423 
0.039926 0.388115 0.020427 0.462396 0.089136 
0.062983 0.249724 0.091713 0.562431 0.033149 
0.021255 0.776316 0.023279 0.160931 0.018219 
0.029252 0.736728 0.026002 0.176598 0.031419 
