0.130000 0.126000 0.080000 0.076000 0.588000 
0.064843 0.241135 0.090172 0.079027 0.524823 
0.038462 0.067061 0.679487 0.088757 0.126233 
0.580282 0.120188 0.139906 0.028169 0.131455 
0.666023 0.111969 0.150579 0.045367 0.026062 
0.101266 0.093476 0.606621 0.033106 0.165531 
0.014235 0.020463 0.044484 0.015125 0.905694 
0.032000 0.023000 0.082000 0.017000 0.846000 
0.827508 0.072188 0.030395 0.030395 0.039514 
0.566222 0.061333 0.077333 0.081778 0.213333 
0.456320 0.102230 0.024164 0.145911 0.271375 
0.647260 0.036815 0.193493 0.072774 0.049658 
0.526006 0.186457 0.042198 0.130520 0.114818 
0.051323 0.066560 0.031275 0.044908 0.805934 
0.018898 0.010236 0.015748 0.022047 0.933071 
0.029779 0.061479 0.031700 0.032661 0.844380 
0.030858 0.031823 0.117647 0.045323 0.774349 
0.557564 0.054234 0.215033 0.112274 0.060894 
0.083754 0.358224 0.165489 0.073663 0.318870 
0.014460 0.019787 0.920852 0.009132 0.035769 
0.033622 0.028818 0.860711 0.030740 0.046110 
0.174006 0.272825 0.448980 0.064447 0.039742 
0.032258 0.024412 0.896251 0.021796 0.025283 
0.029713 0.039959 0.873975 0.020492 0.035861 
0.031297 0.018629 0.883756 0.027571 0.038748 
0.060403 0.020973 0.865772 0.019295 0.033557 
0.042535 0.118924 0.744792 0.064236 0.029514 
0.018325 0.020070 0.913613 0.013089 0.034904 
0.041698 0.016381 0.875652 0.014892 0.051378 
0.040388 0.021002 0.279483 0.021809 0.637318 
0.019627 0.016683 0.934249 0.016683 0.012758 
0.073071 0.107553 0.739737 0.045977 0.033662 
0.015966 0.011765 0.922689 0.014286 0.035294 
0.052997 0.034752 0.118158 0.027802 0.766290 
0.518062 0.016740 0.419383 0.020264 0.025551 
0.050260 0.049393 0.852686 0.025130 0.022530 
0.034521 0.180401 0.662584 0.052339 0.070156 
0.032039 0.092233 0.811650 0.029126 0.034951 
0.056169 0.488465 0.036108 0.358074 0.061184 
0.063082 0.205791 0.029990 0.597725 0.103413 
0.097802 0.408791 0.080220 0.323077 0.090110 
0.163987 0.534834 0.106109 0.152197 0.042872 
0.044643 0.293527 0.037946 0.569196 0.054688 
0.129442 0.153976 0.020305 0.652284 0.043993 
0.041195 0.456231 0.029866 0.417096 0.055613 
0.371429 0.430857 0.053714 0.069714 0.074286 
0.048485 0.223030 0.040000 0.624242 0.064242 
0.117532 0.216454 0.053869 0.574927 0.037218 
0.043608 0.149653 0.015857 0.715560 0.075322 
0.119888 0.519517 0.059480 0.211896 0.089219 
0.061878 0.573481 0.034254 0.175691 0.154696 
0.065923 0.238337 0.042596 0.373225 0.279919 
0.058014 0.352016 0.047198 0.522124 0.020649 
0.167283 0.194085 0.059150 0.528651 0.050832 
0.054493 0.575526 0.077438 0.220841 0.071702 
0.052973 0.708108 0.040000 0.148108 0.050811 
0.109049 0.634571 0.062645 0.088167 0.105568 
0.026696 0.519466 0.025584 0.392659 0.035595 
0.026344 0.223393 0.023182 0.704953 0.022129 
0.052326 0.078488 0.015504 0.768411 0.085271 
0.045720 0.203307 0.035992 0.646887 0.068093 
0.039238 0.515695 0.019058 0.387892 0.038117 
0.041890 0.567132 0.049409 0.178303 0.163265 
0.036364 0.214354 0.032536 0.674641 0.042105 
0.051282 0.267692 0.044103 0.531282 0.105641 
0.041754 0.630480 0.036534 0.227557 0.063674 
0.027467 0.239064 0.020346 0.665310 0.047813 
0.444668 0.181087 0.037223 0.299799 0.037223 
0.014099 0.176234 0.021148 0.734139 0.054381 
0.048008 0.235955 0.022472 0.622063 0.071502 
0.095610 0.199024 0.036098 0.581463 0.087805 
0.054082 0.100000 0.056122 0.663265 0.126531 
0.075652 0.560870 0.016522 0.214783 0.132174 
0.071220 0.719024 0.060488 0.100488 0.048780 
0.079818 0.664766 0.038769 0.139111 0.077537 
0.067515 0.630137 0.039139 0.201566 0.061644 
0.054137 0.334014 0.024515 0.467824 0.119510 
0.052514 0.660335 0.080447 0.109497 0.097207 
0.096273 0.682195 0.030021 0.133540 0.057971 
0.069277 0.388554 0.035141 0.425703 0.081325 
0.135684 0.653846 0.084402 0.090812 0.035256 
0.132495 0.629594 0.043520 0.145068 0.049323 
0.069149 0.624468 0.089362 0.135106 0.081915 
0.031833 0.530187 0.036224 0.371021 0.030735 
0.059920 0.573901 0.049268 0.195739 0.121172 
0.122977 0.600863 0.076591 0.115426 0.084142 
0.044793 0.712206 0.032475 0.159015 0.051512 
0.054827 0.753278 0.023838 0.127533 0.040524 
0.033441 0.258900 0.021575 0.641855 0.044229 
0.078550 0.593152 0.019134 0.239678 0.069486 
0.220528 0.503049 0.024390 0.214431 0.037602 
0.058496 0.544104 0.017642 0.272981 0.106778 
0.071823 0.363536 0.081768 0.446409 0.036464 
0.021255 0.825911 0.023279 0.099190 0.030364 
0.036836 0.830986 0.032503 0.065005 0.034670 
