0.093000 0.093000 0.092000 0.140000 0.582000 
0.114488 0.240122 0.080041 0.113475 0.451874 
0.041420 0.046351 0.653846 0.094675 0.163708 
0.568075 0.147418 0.178404 0.022535 0.083568 
0.711390 0.080116 0.097490 0.076255 0.034749 
0.099318 0.091529 0.561831 0.054528 0.192795 
0.023132 0.027580 0.040036 0.020463 0.888790 
0.026000 0.017000 0.137000 0.019000 0.801000 
0.844225 0.051672 0.025076 0.050152 0.028875 
0.601778 0.054222 0.091556 0.065778 0.186667 
0.179368 0.108736 0.048327 0.167286 0.496283 
0.613870 0.082192 0.215753 0.041952 0.046233 
0.162905 0.516192 0.066732 0.090285 0.163886 
0.057739 0.091419 0.041700 0.043304 0.765838 
0.016535 0.023622 0.012598 0.022047 0.925197 
0.036503 0.047070 0.038425 0.036503 0.841499 
0.052073 0.032787 0.088717 0.049180 0.777242 
0.514748 0.081827 0.243578 0.082778 0.077069 
0.140262 0.358224 0.141271 0.153380 0.206862 
0.022070 0.011416 0.928463 0.010654 0.027397 
0.024976 0.032661 0.873199 0.021134 0.048031 
0.076262 0.268528 0.501611 0.110634 0.042965 
0.038361 0.038361 0.880558 0.013078 0.029643 
0.034836 0.027664 0.882172 0.023566 0.031762 
0.047690 0.026826 0.852459 0.012668 0.060358 
0.057886 0.020134 0.872483 0.018456 0.031040 
0.030382 0.131076 0.768229 0.050347 0.019965 
0.013089 0.017452 0.930192 0.011344 0.027923 
0.025316 0.023827 0.909903 0.017126 0.023827 
0.056543 0.023425 0.542003 0.012924 0.365105 
0.024534 0.024534 0.918548 0.012758 0.019627 
0.096059 0.084565 0.729885 0.034483 0.055008 
0.017647 0.013445 0.621849 0.010924 0.336134 
0.052129 0.117289 0.220678 0.028671 0.581234 
0.525110 0.014978 0.421145 0.012335 0.026432 
0.048527 0.045061 0.642981 0.044194 0.219237 
0.037862 0.124722 0.680401 0.115813 0.041203 
0.034951 0.107767 0.796117 0.030097 0.031068 
0.034102 0.218656 0.056169 0.631896 0.059178 
0.091003 0.186143 0.041365 0.553257 0.128232 
0.061538 0.324176 0.118681 0.417582 0.078022 
0.062165 0.579850 0.116827 0.202572 0.038585 
0.060268 0.174107 0.047991 0.666295 0.051339 
0.156514 0.285110 0.021151 0.483926 0.053299 
0.060762 0.208033 0.024717 0.656025 0.050463 
0.290286 0.393143 0.059429 0.202286 0.054857 
0.070303 0.179394 0.052121 0.637576 0.060606 
0.218413 0.225269 0.037218 0.456415 0.062684 
0.053518 0.072349 0.022795 0.796829 0.054509 
0.183086 0.370818 0.048327 0.301115 0.096654 
0.055249 0.506077 0.036464 0.256354 0.145856 
0.104462 0.157201 0.047667 0.456389 0.234280 
0.078663 0.186824 0.059980 0.649951 0.024582 
0.256007 0.168207 0.055453 0.454713 0.065619 
0.042065 0.521033 0.075526 0.300191 0.061185 
0.051892 0.547027 0.034595 0.307027 0.059459 
0.081206 0.409513 0.064965 0.236659 0.207657 
0.033370 0.179088 0.016685 0.737486 0.033370 
0.043203 0.173867 0.013699 0.735511 0.033720 
0.068798 0.062984 0.028101 0.774225 0.065891 
0.046693 0.148833 0.030156 0.740272 0.034047 
0.031390 0.233184 0.028027 0.670404 0.036996 
0.046187 0.520945 0.059076 0.282492 0.091300 
0.020096 0.128230 0.026794 0.756938 0.067943 
0.089231 0.244103 0.043077 0.552821 0.070769 
0.056367 0.470772 0.046973 0.381002 0.044885 
0.027467 0.151577 0.018311 0.751780 0.050865 
0.426559 0.131791 0.049296 0.356137 0.036217 
0.040282 0.076536 0.020141 0.819738 0.043303 
0.086823 0.143003 0.022472 0.676200 0.071502 
0.076098 0.160976 0.029268 0.621463 0.112195 
0.047959 0.058163 0.070408 0.493878 0.329592 
0.053913 0.610435 0.029565 0.222609 0.083478 
0.034146 0.609756 0.045854 0.258537 0.051707 
0.086659 0.562144 0.035348 0.267959 0.047891 
0.070450 0.318004 0.041096 0.506849 0.063601 
0.127681 0.218590 0.039837 0.528090 0.085802 
0.048045 0.465922 0.070391 0.357542 0.058101 
0.094203 0.414079 0.019669 0.416149 0.055901 
0.201807 0.241968 0.025100 0.486948 0.044177 
0.083333 0.570513 0.091880 0.208333 0.045940 
0.062863 0.517408 0.031915 0.348162 0.039652 
0.079787 0.562766 0.092553 0.211702 0.053191 
0.045005 0.243688 0.027442 0.659715 0.024149 
0.038615 0.358189 0.063915 0.451398 0.087883 
0.067961 0.539374 0.058252 0.242718 0.091694 
0.054871 0.535274 0.035834 0.326988 0.047032 
0.036949 0.580453 0.030989 0.315852 0.035757 
0.060410 0.139159 0.031284 0.729234 0.039914 
0.040282 0.432024 0.028197 0.439074 0.060423 
0.300813 0.193089 0.024390 0.452236 0.029472 
0.086351 0.190344 0.026927 0.591458 0.104921 
0.078453 0.191160 0.082873 0.606630 0.040884 
0.025304 0.589069 0.024291 0.339069 0.022267 
0.034670 0.607801 0.035753 0.295775 0.026002 
