0.122000 0.132000 0.090000 0.071000 0.585000 
0.083080 0.233029 0.073961 0.082067 0.527862 
0.045365 0.071006 0.668639 0.078895 0.136095 
0.515493 0.138967 0.188732 0.034742 0.122066 
0.692085 0.116795 0.098456 0.036680 0.055985 
0.111003 0.092502 0.564752 0.037975 0.193768 
0.016014 0.018683 0.051601 0.030249 0.883452 
0.027000 0.026000 0.059000 0.026000 0.862000 
0.844985 0.063070 0.018997 0.031155 0.041793 
0.611556 0.056889 0.066667 0.053333 0.211556 
0.198885 0.082714 0.043680 0.187732 0.486989 
0.658390 0.037671 0.190925 0.059932 0.053082 
0.506379 0.182532 0.053974 0.107949 0.149166 
0.046512 0.083400 0.030473 0.036889 0.802727 
0.018898 0.017323 0.018110 0.025984 0.919685 
0.031700 0.049952 0.027858 0.038425 0.852065 
0.040501 0.038573 0.106075 0.056895 0.757956 
0.549001 0.045671 0.218839 0.102759 0.083730 
0.123108 0.389506 0.113017 0.079717 0.294652 
0.033486 0.012177 0.908676 0.015221 0.030441 
0.024976 0.027858 0.862632 0.028818 0.055716 
0.085929 0.297530 0.517723 0.055854 0.042965 
0.027899 0.024412 0.902354 0.020924 0.024412 
0.057377 0.025615 0.861680 0.029713 0.025615 
0.045455 0.030551 0.857675 0.023100 0.043219 
0.054530 0.020134 0.873322 0.017617 0.034396 
0.056424 0.098090 0.768229 0.059896 0.017361 
0.027923 0.015707 0.918848 0.010471 0.027051 
0.036485 0.016381 0.880864 0.013403 0.052867 
0.041195 0.018578 0.263328 0.015347 0.661551 
0.016683 0.016683 0.932287 0.015702 0.018646 
0.072250 0.103448 0.743842 0.044335 0.036125 
0.019328 0.017647 0.914286 0.010924 0.037815 
0.047785 0.033884 0.126846 0.047785 0.743701 
0.555066 0.014097 0.377093 0.024670 0.029075 
0.071924 0.046794 0.818891 0.039861 0.022530 
0.020045 0.191537 0.655902 0.062361 0.070156 
0.023301 0.100971 0.804854 0.025243 0.045631 
0.032096 0.410231 0.046138 0.444333 0.067202 
0.066184 0.178904 0.031024 0.610134 0.113754 
0.086813 0.425275 0.109890 0.308791 0.069231 
0.140407 0.460879 0.129689 0.241158 0.027867 
0.070312 0.262277 0.040179 0.588170 0.039062 
0.270728 0.170051 0.017766 0.479695 0.061760 
0.047374 0.349125 0.021627 0.531411 0.050463 
0.368000 0.432000 0.050286 0.094857 0.054857 
0.046061 0.221818 0.073939 0.613333 0.044848 
0.269344 0.238981 0.031342 0.433888 0.026445 
0.024777 0.160555 0.014866 0.718533 0.081269 
0.076208 0.552974 0.052045 0.213755 0.105019 
0.055249 0.588950 0.026519 0.174586 0.154696 
0.070994 0.211968 0.043611 0.361055 0.312373 
0.092429 0.294985 0.056047 0.534907 0.021632 
0.285582 0.163586 0.053604 0.434381 0.062847 
0.085086 0.511472 0.058317 0.259082 0.086042 
0.052973 0.713514 0.028108 0.171892 0.033514 
0.056845 0.589327 0.112529 0.161253 0.080046 
0.026696 0.430478 0.017798 0.490545 0.034483 
0.024236 0.229715 0.022129 0.676502 0.047418 
0.036822 0.075581 0.013566 0.789729 0.084302 
0.036965 0.190661 0.033074 0.692607 0.046693 
0.045964 0.482063 0.025785 0.403587 0.042601 
0.048335 0.577873 0.062299 0.206230 0.105263 
0.035407 0.202871 0.030622 0.685167 0.045933 
0.057436 0.251282 0.034872 0.531282 0.125128 
0.052192 0.592902 0.042797 0.254697 0.057411 
0.031536 0.244151 0.016277 0.658189 0.049847 
0.312877 0.164990 0.054326 0.414487 0.053320 
0.027190 0.182276 0.015106 0.736153 0.039275 
0.043922 0.199183 0.028601 0.652707 0.075587 
0.070244 0.186341 0.031220 0.622439 0.089756 
0.054082 0.092857 0.082653 0.633673 0.136735 
0.040870 0.590435 0.027826 0.255652 0.085217 
0.046829 0.735610 0.053659 0.101463 0.062439 
0.109464 0.648803 0.038769 0.136830 0.066135 
0.065558 0.554795 0.028376 0.301370 0.049902 
0.070480 0.321757 0.033708 0.447395 0.126660 
0.075978 0.618994 0.078212 0.137430 0.089385 
0.052795 0.719462 0.021739 0.156315 0.049689 
0.063253 0.372490 0.036145 0.473896 0.054217 
0.084402 0.639957 0.110043 0.125000 0.040598 
0.105416 0.615087 0.045455 0.189555 0.044487 
0.058511 0.574468 0.096809 0.196809 0.073404 
0.036224 0.433589 0.023052 0.478595 0.028540 
0.086551 0.585885 0.030626 0.222370 0.074567 
0.153182 0.596548 0.057174 0.094930 0.098166 
0.045913 0.667413 0.040314 0.198208 0.048152 
0.056019 0.719905 0.032181 0.138260 0.053635 
0.044229 0.229773 0.032362 0.656958 0.036677 
0.059416 0.580060 0.023162 0.288016 0.049345 
0.290650 0.423780 0.020325 0.239837 0.025407 
0.058496 0.449396 0.016713 0.376973 0.098422 
0.086188 0.338122 0.074033 0.479558 0.022099 
0.019231 0.816802 0.021255 0.114372 0.028340 
0.037920 0.816901 0.034670 0.081257 0.029252 
