0.116000 0.119000 0.084000 0.142000 0.539000 
0.067882 0.306991 0.178318 0.160081 0.286727 
0.054241 0.032544 0.467456 0.123274 0.322485 
0.164319 0.234742 0.295775 0.158685 0.146479 
0.578185 0.080116 0.085907 0.035714 0.220077 
0.095424 0.083739 0.518014 0.053554 0.249270 
0.047153 0.484875 0.088078 0.109431 0.270463 
0.126000 0.098000 0.252000 0.431000 0.093000 
0.684650 0.031155 0.187690 0.068389 0.028116 
0.411556 0.066667 0.264889 0.139556 0.117333 
0.146840 0.287175 0.117100 0.163569 0.285316 
0.237158 0.105308 0.259418 0.049658 0.348459 
0.166830 0.322866 0.163886 0.098135 0.248283 
0.195670 0.294306 0.106656 0.045710 0.357658 
0.029921 0.223622 0.392126 0.068504 0.285827 
0.048991 0.102786 0.079731 0.080692 0.687800 
0.166827 0.146577 0.151398 0.081003 0.454195 
0.200761 0.270219 0.258801 0.151284 0.118934 
0.132190 0.360242 0.130172 0.163471 0.213925 
0.022070 0.120244 0.458904 0.015221 0.383562 
0.111431 0.059558 0.672430 0.029779 0.126801 
0.112782 0.183673 0.444683 0.104189 0.154672 
0.081081 0.189189 0.612903 0.015693 0.101133 
0.091189 0.102459 0.625000 0.025615 0.155738 
0.150522 0.063338 0.443368 0.017139 0.325633 
0.369128 0.082215 0.364094 0.026846 0.157718 
0.098090 0.306424 0.444444 0.030382 0.120660 
0.040140 0.022688 0.700698 0.010471 0.226003 
0.195830 0.020104 0.538347 0.014892 0.230827 
0.404685 0.030695 0.295638 0.126817 0.142165 
0.023553 0.019627 0.782139 0.010795 0.163886 
0.067323 0.077997 0.598522 0.055008 0.201149 
0.189916 0.015126 0.221849 0.008403 0.564706 
0.051260 0.483058 0.201564 0.080799 0.183319 
0.584141 0.023789 0.278414 0.014978 0.098678 
0.075390 0.073657 0.317158 0.077990 0.455806 
0.089087 0.090200 0.371938 0.105791 0.342984 
0.266019 0.070874 0.445631 0.030097 0.187379 
0.072217 0.283852 0.043129 0.511535 0.089268 
0.218201 0.175801 0.037229 0.347466 0.221303 
0.184615 0.261538 0.114286 0.337363 0.102198 
0.123258 0.468382 0.116827 0.227224 0.064309 
0.171875 0.120536 0.046875 0.527902 0.132812 
0.225042 0.352792 0.030457 0.328257 0.063452 
0.123584 0.396498 0.024717 0.395469 0.059732 
0.177143 0.278857 0.237714 0.244571 0.061714 
0.113939 0.204848 0.075152 0.522424 0.083636 
0.263467 0.213516 0.143976 0.292850 0.086190 
0.063429 0.227948 0.025768 0.612488 0.070367 
0.286245 0.341078 0.050186 0.230483 0.092007 
0.220994 0.346961 0.032044 0.298343 0.101657 
0.141988 0.185598 0.106491 0.330629 0.235294 
0.131760 0.245821 0.121927 0.452311 0.048181 
0.182994 0.200555 0.095194 0.360444 0.160813 
0.161568 0.304971 0.053537 0.343212 0.136711 
0.104865 0.358919 0.048649 0.427027 0.060541 
0.132251 0.266821 0.069606 0.283063 0.248260 
0.107898 0.264739 0.034483 0.548387 0.044494 
0.368809 0.188620 0.015806 0.400421 0.026344 
0.131783 0.097868 0.034884 0.626938 0.108527 
0.243191 0.226654 0.043774 0.419261 0.067121 
0.147982 0.252242 0.034753 0.498879 0.066143 
0.123523 0.315789 0.038668 0.428571 0.093448 
0.097608 0.151196 0.069856 0.600957 0.080383 
0.222564 0.205128 0.048205 0.413333 0.110769 
0.130480 0.375783 0.083507 0.343424 0.066806 
0.173957 0.279756 0.031536 0.479145 0.035605 
0.254527 0.217304 0.091549 0.373239 0.063380 
0.071501 0.138973 0.032226 0.718026 0.039275 
0.221655 0.170582 0.049030 0.453524 0.105209 
0.167805 0.221463 0.129756 0.362927 0.118049 
0.113265 0.088776 0.044898 0.387755 0.365306 
0.073913 0.484348 0.041739 0.290435 0.109565 
0.089756 0.323902 0.078049 0.369756 0.138537 
0.238312 0.285063 0.061574 0.331813 0.083238 
0.186888 0.249511 0.035225 0.489237 0.039139 
0.308478 0.165475 0.044944 0.365679 0.115424 
0.097207 0.306145 0.096089 0.425698 0.074860 
0.287785 0.260870 0.045549 0.346791 0.059006 
0.315261 0.240964 0.029116 0.321285 0.093373 
0.170940 0.391026 0.104701 0.213675 0.119658 
0.136364 0.235010 0.056093 0.523211 0.049323 
0.098936 0.465957 0.079787 0.252128 0.103191 
0.118551 0.302964 0.034029 0.478595 0.065862 
0.105193 0.307590 0.058589 0.450067 0.078562 
0.124056 0.282632 0.098166 0.309601 0.185545 
0.138858 0.385218 0.055991 0.375140 0.044793 
0.108462 0.286055 0.119190 0.377831 0.108462 
0.174757 0.206041 0.033441 0.536138 0.049622 
0.186304 0.341390 0.039275 0.359517 0.073515 
0.444106 0.134146 0.033537 0.339431 0.048780 
0.116992 0.204271 0.038069 0.542247 0.098422 
0.077348 0.160221 0.175691 0.499448 0.087293 
0.068826 0.389676 0.024291 0.462551 0.054656 
0.147346 0.390033 0.027086 0.394366 0.041170 
