0.103000 0.116000 0.108000 0.122000 0.551000 
0.069909 0.256332 0.098278 0.104357 0.471125 
0.039448 0.051282 0.691321 0.065089 0.152860 
0.586854 0.128638 0.154930 0.039437 0.090141 
0.676641 0.076255 0.128378 0.080116 0.038610 
0.106134 0.083739 0.623174 0.054528 0.132425 
0.023132 0.019573 0.035587 0.017794 0.903915 
0.018000 0.020000 0.094000 0.016000 0.852000 
0.866261 0.044833 0.023556 0.050152 0.015198 
0.616889 0.053333 0.065778 0.064000 0.200000 
0.195167 0.088290 0.035316 0.178439 0.502788 
0.625000 0.068493 0.190068 0.050514 0.065925 
0.178606 0.512267 0.048086 0.091266 0.169774 
0.041700 0.062550 0.052125 0.059342 0.784282 
0.013386 0.012598 0.015748 0.018110 0.940157 
0.044188 0.049952 0.025937 0.035543 0.844380 
0.040501 0.044359 0.100289 0.049180 0.765670 
0.529971 0.055186 0.226451 0.092293 0.096099 
0.158426 0.364279 0.151362 0.118063 0.207871 
0.012177 0.010654 0.933790 0.011416 0.031963 
0.025937 0.037464 0.857829 0.038425 0.040346 
0.104189 0.236305 0.469388 0.127820 0.062299 
0.031386 0.025283 0.884917 0.021796 0.036617 
0.029713 0.017418 0.890369 0.029713 0.032787 
0.044709 0.031297 0.854694 0.017884 0.051416 
0.057047 0.023490 0.865772 0.014262 0.039430 
0.041667 0.136285 0.763889 0.040799 0.017361 
0.022688 0.012216 0.930192 0.011344 0.023560 
0.038719 0.015637 0.884587 0.012658 0.048399 
0.037157 0.021002 0.433764 0.015347 0.492730 
0.024534 0.013739 0.932287 0.009814 0.019627 
0.072250 0.081281 0.775862 0.036946 0.033662 
0.014286 0.015126 0.850420 0.012605 0.107563 
0.038228 0.053866 0.140747 0.041703 0.725456 
0.558590 0.010573 0.382379 0.017621 0.030837 
0.041594 0.029463 0.844021 0.041594 0.043328 
0.042316 0.115813 0.700445 0.097996 0.043430 
0.042718 0.096117 0.816505 0.019417 0.025243 
0.049147 0.266800 0.046138 0.588766 0.049147 
0.109617 0.194416 0.025853 0.518097 0.152017 
0.097802 0.339560 0.094505 0.395604 0.072527 
0.077170 0.538049 0.114684 0.233655 0.036442 
0.075893 0.147321 0.052455 0.677455 0.046875 
0.287648 0.156514 0.027073 0.472081 0.056684 
0.031926 0.268795 0.025747 0.635427 0.038105 
0.283429 0.419429 0.050286 0.188571 0.058286 
0.078788 0.189091 0.043636 0.641212 0.047273 
0.191969 0.245837 0.052889 0.470127 0.039177 
0.035679 0.083251 0.023786 0.770069 0.087215 
0.139405 0.428439 0.052045 0.291822 0.088290 
0.044199 0.497238 0.032044 0.265193 0.161326 
0.082150 0.146045 0.051724 0.443205 0.276876 
0.071780 0.240905 0.053097 0.604720 0.029499 
0.263401 0.159889 0.070240 0.461183 0.045287 
0.056405 0.528681 0.057361 0.295411 0.062141 
0.048649 0.558919 0.031351 0.320000 0.041081 
0.068445 0.493039 0.059165 0.206497 0.172854 
0.023359 0.196885 0.020022 0.704116 0.055617 
0.036881 0.124341 0.016860 0.797682 0.024236 
0.087209 0.096899 0.018411 0.713178 0.084302 
0.045720 0.146887 0.033074 0.711089 0.063230 
0.041480 0.251121 0.024664 0.652466 0.030269 
0.049409 0.554243 0.060150 0.235231 0.100967 
0.024880 0.119617 0.035407 0.752153 0.067943 
0.082051 0.265641 0.047179 0.498462 0.106667 
0.037578 0.519833 0.039666 0.356994 0.045929 
0.045778 0.180061 0.020346 0.715158 0.038657 
0.410463 0.141851 0.063380 0.344064 0.040241 
0.024169 0.094663 0.028197 0.803625 0.049345 
0.103166 0.150153 0.026558 0.671093 0.049030 
0.062439 0.152195 0.033171 0.613659 0.138537 
0.052041 0.041837 0.063265 0.494898 0.347959 
0.062609 0.593913 0.024348 0.233913 0.085217 
0.023415 0.613659 0.067317 0.253659 0.041951 
0.069555 0.558723 0.051311 0.266819 0.053592 
0.048924 0.401174 0.033268 0.448141 0.068493 
0.055158 0.234934 0.026558 0.599591 0.083759 
0.040223 0.482682 0.082682 0.317318 0.077095 
0.054865 0.446170 0.024845 0.417184 0.056936 
0.148594 0.304217 0.037149 0.453815 0.056225 
0.087607 0.615385 0.073718 0.191239 0.032051 
0.087041 0.515474 0.042553 0.299807 0.055126 
0.044681 0.588298 0.092553 0.203191 0.071277 
0.051592 0.259056 0.027442 0.631175 0.030735 
0.075899 0.402130 0.058589 0.395473 0.067909 
0.101402 0.527508 0.057174 0.207120 0.106796 
0.051512 0.572228 0.036954 0.294513 0.044793 
0.033373 0.601907 0.033373 0.294398 0.036949 
0.031284 0.132686 0.043150 0.742179 0.050701 
0.035247 0.447130 0.020141 0.450151 0.047331 
0.290650 0.241870 0.027439 0.402439 0.037602 
0.052925 0.238626 0.020427 0.578459 0.109564 
0.046409 0.193370 0.082873 0.629834 0.047514 
0.013158 0.659919 0.012146 0.291498 0.023279 
0.035753 0.650054 0.028169 0.252438 0.033586 
