0.137000 0.120000 0.080000 0.090000 0.573000 
0.064843 0.213779 0.085106 0.094225 0.542047 
0.052268 0.076923 0.644970 0.085799 0.140039 
0.569953 0.141784 0.138028 0.028169 0.122066 
0.676641 0.116795 0.126448 0.055985 0.024131 
0.110029 0.095424 0.592989 0.043817 0.157741 
0.012456 0.020463 0.047153 0.024021 0.895907 
0.032000 0.024000 0.098000 0.019000 0.827000 
0.833587 0.079787 0.021277 0.044833 0.020517 
0.533333 0.072000 0.084444 0.068444 0.241778 
0.223048 0.066914 0.039963 0.200743 0.469331 
0.676370 0.035959 0.165240 0.063356 0.059075 
0.558391 0.193327 0.048086 0.080471 0.119725 
0.044908 0.068966 0.033681 0.045710 0.806736 
0.016535 0.018898 0.015748 0.025984 0.922835 
0.029779 0.058598 0.019212 0.036503 0.855908 
0.033751 0.038573 0.100289 0.048216 0.779171 
0.576594 0.041865 0.218839 0.076118 0.086584 
0.141271 0.378406 0.138244 0.073663 0.268416 
0.021309 0.021309 0.921613 0.016743 0.019026 
0.033622 0.026897 0.866475 0.028818 0.044188 
0.068743 0.294307 0.501611 0.082707 0.052632 
0.038361 0.024412 0.884917 0.021796 0.030514 
0.047131 0.032787 0.857582 0.026639 0.035861 
0.047690 0.018629 0.851714 0.025335 0.056632 
0.079698 0.021812 0.841443 0.016779 0.040268 
0.042535 0.114583 0.776910 0.039062 0.026910 
0.021815 0.020070 0.909250 0.013962 0.034904 
0.043187 0.016381 0.866716 0.015637 0.058079 
0.027464 0.020194 0.260097 0.017771 0.674475 
0.020608 0.016683 0.930324 0.016683 0.015702 
0.086207 0.074713 0.759442 0.043514 0.036125 
0.015126 0.010924 0.925210 0.013445 0.035294 
0.067767 0.036490 0.116421 0.036490 0.742832 
0.570925 0.012335 0.385022 0.011454 0.020264 
0.063258 0.045061 0.833622 0.036395 0.021664 
0.024499 0.163697 0.675947 0.087973 0.047884 
0.024272 0.108738 0.797087 0.023301 0.046602 
0.042126 0.382146 0.028084 0.485456 0.062187 
0.070321 0.201655 0.033092 0.596691 0.098242 
0.085714 0.389011 0.087912 0.363736 0.073626 
0.156484 0.479100 0.082529 0.241158 0.040729 
0.037946 0.274554 0.047991 0.588170 0.051339 
0.318951 0.152284 0.023689 0.456007 0.049069 
0.045314 0.324408 0.032956 0.561277 0.036045 
0.324571 0.441143 0.069714 0.115429 0.049143 
0.053333 0.246061 0.049697 0.589091 0.061818 
0.299706 0.214496 0.038198 0.412341 0.035260 
0.032706 0.144698 0.016848 0.735382 0.070367 
0.098513 0.519517 0.065056 0.209108 0.107807 
0.040884 0.562431 0.036464 0.193370 0.166851 
0.061866 0.201826 0.037525 0.412779 0.286004 
0.062930 0.312684 0.057030 0.540806 0.026549 
0.333641 0.163586 0.058226 0.409427 0.035120 
0.068834 0.565010 0.056405 0.238050 0.071702 
0.047568 0.691892 0.034595 0.165405 0.060541 
0.070766 0.598608 0.070766 0.161253 0.098608 
0.028921 0.367075 0.020022 0.541713 0.042269 
0.024236 0.230769 0.013699 0.695469 0.035827 
0.028101 0.078488 0.020349 0.790698 0.082364 
0.038911 0.160506 0.031128 0.698444 0.071012 
0.029148 0.424888 0.019058 0.483184 0.043722 
0.047261 0.597207 0.051557 0.183673 0.120301 
0.032536 0.197129 0.028708 0.666986 0.074641 
0.085128 0.234872 0.032821 0.539487 0.107692 
0.034447 0.588727 0.032359 0.297495 0.046973 
0.031536 0.230926 0.015259 0.657172 0.065107 
0.329980 0.142857 0.065392 0.422535 0.039235 
0.027190 0.186304 0.026183 0.727090 0.033233 
0.054137 0.215526 0.019408 0.634321 0.076609 
0.073171 0.167805 0.032195 0.642927 0.083902 
0.032653 0.086735 0.072449 0.666327 0.141837 
0.060870 0.601739 0.027826 0.221739 0.087826 
0.047805 0.737561 0.055610 0.107317 0.051707 
0.064994 0.663626 0.043330 0.160775 0.067275 
0.069472 0.571429 0.028376 0.282779 0.047945 
0.063330 0.304392 0.027579 0.508682 0.096016 
0.052514 0.629050 0.070391 0.153073 0.094972 
0.056936 0.668737 0.020704 0.188406 0.065217 
0.076305 0.384538 0.030120 0.456827 0.052209 
0.107906 0.613248 0.107906 0.118590 0.052350 
0.102515 0.625725 0.030948 0.191489 0.049323 
0.050000 0.602128 0.105319 0.182979 0.059574 
0.029638 0.383095 0.024149 0.526894 0.036224 
0.082557 0.564581 0.045273 0.213049 0.094541 
0.138080 0.587918 0.067961 0.107875 0.098166 
0.048152 0.675252 0.029115 0.200448 0.047032 
0.061979 0.737783 0.023838 0.138260 0.038141 
0.032362 0.215750 0.029126 0.682848 0.039914 
0.063444 0.568983 0.027190 0.282981 0.057402 
0.287602 0.430894 0.019309 0.230691 0.031504 
0.059424 0.425255 0.022284 0.380687 0.112349 
0.059669 0.354696 0.096133 0.440884 0.048619 
0.020243 0.816802 0.020243 0.118421 0.024291 
0.034670 0.823402 0.040087 0.073673 0.028169 
