0.148000 0.096000 0.080000 0.093000 0.583000 
0.083080 0.219858 0.098278 0.097264 0.501520 
0.044379 0.060158 0.663708 0.091716 0.140039 
0.577465 0.134272 0.153052 0.027230 0.107981 
0.672780 0.073359 0.136100 0.074324 0.043436 
0.097371 0.089581 0.619279 0.052580 0.141188 
0.016014 0.019573 0.047153 0.016014 0.901246 
0.017000 0.022000 0.087000 0.031000 0.843000 
0.844985 0.063070 0.028116 0.042553 0.021277 
0.586667 0.056000 0.080889 0.067556 0.208889 
0.188662 0.109665 0.042751 0.143123 0.515799 
0.666952 0.055651 0.190068 0.046233 0.041096 
0.239450 0.368989 0.066732 0.121688 0.203140 
0.042502 0.056937 0.036087 0.044106 0.820369 
0.014961 0.014961 0.009449 0.021260 0.939370 
0.020173 0.047070 0.035543 0.028818 0.868396 
0.033751 0.029894 0.126326 0.053038 0.756991 
0.566127 0.068506 0.193149 0.096099 0.076118 
0.126135 0.372351 0.173562 0.100908 0.227043 
0.026636 0.018265 0.927702 0.010654 0.016743 
0.045149 0.030740 0.835735 0.020173 0.068204 
0.163265 0.232009 0.454350 0.090226 0.060150 
0.040105 0.032258 0.876199 0.021796 0.029643 
0.034836 0.015369 0.882172 0.037910 0.029713 
0.046945 0.027571 0.859911 0.020119 0.045455 
0.051174 0.024329 0.866611 0.018456 0.039430 
0.034722 0.134549 0.763889 0.055556 0.011285 
0.028796 0.017452 0.911867 0.011344 0.030541 
0.040208 0.023083 0.871184 0.010424 0.055101 
0.039580 0.016963 0.295638 0.013732 0.634087 
0.028459 0.020608 0.911678 0.012758 0.026497 
0.110837 0.074713 0.725780 0.044335 0.044335 
0.026891 0.015126 0.905882 0.011765 0.040336 
0.046047 0.034752 0.117289 0.037359 0.764553 
0.572687 0.018502 0.364758 0.014978 0.029075 
0.056326 0.040728 0.837088 0.041594 0.024263 
0.044543 0.120267 0.683742 0.094655 0.056793 
0.027184 0.120388 0.809709 0.020388 0.022330 
0.046138 0.309930 0.049147 0.514544 0.080241 
0.092037 0.188211 0.024819 0.572906 0.122027 
0.072527 0.350549 0.091209 0.412088 0.073626 
0.094319 0.504823 0.123258 0.258307 0.019293 
0.074777 0.206473 0.021205 0.643973 0.053571 
0.344332 0.109983 0.021997 0.487310 0.036379 
0.035015 0.306900 0.031926 0.580844 0.045314 
0.316571 0.460571 0.054857 0.116571 0.051429 
0.054545 0.185455 0.050909 0.653333 0.055758 
0.245837 0.225269 0.037218 0.455436 0.036239 
0.020813 0.090188 0.019822 0.762141 0.107037 
0.084572 0.487918 0.053903 0.244424 0.129182 
0.035359 0.514917 0.026519 0.236464 0.186740 
0.051724 0.175456 0.038540 0.457404 0.276876 
0.072763 0.272370 0.059980 0.574238 0.020649 
0.262477 0.121072 0.083179 0.477819 0.055453 
0.044933 0.527725 0.089866 0.261950 0.075526 
0.074595 0.572973 0.043243 0.261622 0.047568 
0.064965 0.581206 0.073086 0.194896 0.085847 
0.016685 0.270300 0.023359 0.632925 0.056730 
0.031612 0.171760 0.015806 0.749210 0.031612 
0.071705 0.060078 0.014535 0.805233 0.048450 
0.040856 0.147860 0.023346 0.707198 0.080739 
0.034753 0.307175 0.029148 0.584081 0.044843 
0.063373 0.549946 0.059076 0.212675 0.114930 
0.023923 0.133971 0.035407 0.737799 0.068900 
0.070769 0.226667 0.056410 0.560000 0.086154 
0.044885 0.526096 0.039666 0.301670 0.087683 
0.035605 0.164802 0.025432 0.715158 0.059003 
0.396378 0.143863 0.055332 0.361167 0.043260 
0.031219 0.115811 0.034240 0.774421 0.044310 
0.079673 0.170582 0.018386 0.670072 0.061287 
0.054634 0.122927 0.044878 0.654634 0.122927 
0.047959 0.069388 0.067347 0.483673 0.331633 
0.070435 0.616522 0.020000 0.210435 0.082609 
0.043902 0.665366 0.065366 0.173659 0.051707 
0.055872 0.637400 0.035348 0.205245 0.066135 
0.061644 0.496086 0.034247 0.356164 0.051859 
0.054137 0.252298 0.029622 0.542390 0.121553 
0.044693 0.582123 0.065922 0.226816 0.080447 
0.071429 0.574534 0.026915 0.281573 0.045549 
0.183735 0.274096 0.028112 0.457831 0.056225 
0.107906 0.597222 0.086538 0.175214 0.033120 
0.062863 0.589942 0.041586 0.253385 0.052224 
0.055319 0.638298 0.071277 0.167021 0.068085 
0.032931 0.322722 0.031833 0.567508 0.045005 
0.074567 0.456724 0.031957 0.306258 0.130493 
0.125135 0.539374 0.064725 0.177994 0.092772 
0.051512 0.630459 0.029115 0.232923 0.055991 
0.026222 0.671037 0.032181 0.222884 0.047676 
0.030205 0.172600 0.033441 0.714132 0.049622 
0.046324 0.533736 0.025176 0.330312 0.064451 
0.265244 0.330285 0.025407 0.340447 0.038618 
0.074280 0.336119 0.013928 0.451253 0.124420 
0.053039 0.280663 0.082873 0.530387 0.053039 
0.022267 0.727733 0.025304 0.203441 0.021255 
0.026002 0.734561 0.040087 0.164680 0.034670 
