0.106000 0.084000 0.080000 0.137000 0.593000 
0.067882 0.244174 0.110436 0.140831 0.436677 
0.049310 0.066075 0.662722 0.083826 0.138067 
0.415023 0.193427 0.215023 0.028169 0.148357 
0.681467 0.046332 0.136100 0.092664 0.043436 
0.074976 0.091529 0.614411 0.046738 0.172347 
0.023132 0.037367 0.034698 0.017794 0.887011 
0.032000 0.023000 0.313000 0.023000 0.609000 
0.857143 0.035714 0.028116 0.054711 0.024316 
0.597333 0.055111 0.083556 0.056889 0.207111 
0.118030 0.145911 0.065985 0.163569 0.506506 
0.535959 0.082192 0.228596 0.047089 0.106164 
0.175662 0.516192 0.052012 0.093229 0.162905 
0.055333 0.117081 0.032879 0.036087 0.758621 
0.023622 0.015748 0.014961 0.024409 0.921260 
0.020173 0.051873 0.036503 0.040346 0.851105 
0.045323 0.053038 0.116683 0.044359 0.740598 
0.469077 0.106565 0.284491 0.070409 0.069458 
0.091826 0.356206 0.110999 0.183653 0.257316 
0.017504 0.014460 0.917808 0.013699 0.036530 
0.032661 0.032661 0.855908 0.021134 0.057637 
0.062299 0.243824 0.514501 0.139635 0.039742 
0.026155 0.035745 0.884917 0.014821 0.038361 
0.047131 0.028689 0.865779 0.024590 0.033811 
0.055887 0.026080 0.833085 0.024590 0.060358 
0.058725 0.027685 0.852349 0.016779 0.044463 
0.039931 0.142361 0.753472 0.049479 0.014757 
0.019197 0.018325 0.914485 0.010471 0.037522 
0.029784 0.025316 0.892033 0.012658 0.040208 
0.231826 0.021809 0.508078 0.016155 0.222132 
0.027478 0.018646 0.914622 0.012758 0.026497 
0.072250 0.096059 0.738095 0.045977 0.047619 
0.017647 0.010084 0.528571 0.011765 0.431933 
0.042572 0.346655 0.209383 0.039096 0.362294 
0.528634 0.018502 0.407048 0.017621 0.028194 
0.041594 0.051127 0.484402 0.040728 0.382149 
0.030067 0.113586 0.672606 0.124722 0.059020 
0.029126 0.098058 0.798058 0.029126 0.045631 
0.047141 0.224674 0.039117 0.638917 0.050150 
0.095140 0.173733 0.029990 0.510858 0.190279 
0.081319 0.295604 0.113187 0.430769 0.079121 
0.042872 0.590568 0.094319 0.231511 0.040729 
0.061384 0.119420 0.042411 0.689732 0.087054 
0.164129 0.360406 0.032149 0.414552 0.028765 
0.033986 0.284243 0.022657 0.608651 0.050463 
0.312000 0.347429 0.062857 0.236571 0.041143 
0.084848 0.162424 0.056970 0.646061 0.049697 
0.270323 0.232125 0.038198 0.425073 0.034280 
0.049554 0.104063 0.010902 0.762141 0.073340 
0.222119 0.341078 0.061338 0.301115 0.074349 
0.055249 0.451934 0.029834 0.311602 0.151381 
0.088235 0.161258 0.038540 0.476673 0.235294 
0.064897 0.217306 0.050147 0.634218 0.033432 
0.266174 0.141405 0.084104 0.432532 0.075786 
0.048757 0.512428 0.067878 0.310707 0.060229 
0.049730 0.448649 0.028108 0.423784 0.049730 
0.076566 0.353828 0.064965 0.279582 0.225058 
0.026696 0.169077 0.017798 0.748610 0.037820 
0.124341 0.175975 0.015806 0.646997 0.036881 
0.085271 0.067829 0.017442 0.736434 0.093023 
0.064202 0.167315 0.034047 0.691634 0.042802 
0.028027 0.233184 0.022422 0.687220 0.029148 
0.070892 0.496241 0.074114 0.284640 0.074114 
0.036364 0.166507 0.030622 0.714833 0.051675 
0.122051 0.218462 0.051282 0.520000 0.088205 
0.078288 0.451983 0.028184 0.389353 0.052192 
0.043744 0.164802 0.016277 0.723296 0.051882 
0.380282 0.173038 0.071429 0.346076 0.029175 
0.036254 0.090634 0.023162 0.808661 0.041289 
0.087845 0.146067 0.025536 0.667007 0.073544 
0.141463 0.140488 0.036098 0.539512 0.142439 
0.058163 0.066327 0.073469 0.427551 0.374490 
0.052174 0.646957 0.018261 0.212174 0.070435 
0.042927 0.538537 0.047805 0.316098 0.054634 
0.086659 0.488027 0.035348 0.343216 0.046750 
0.045010 0.309198 0.039139 0.571429 0.035225 
0.099081 0.229826 0.027579 0.550562 0.092952 
0.050279 0.426816 0.068156 0.398883 0.055866 
0.215321 0.333333 0.027950 0.399586 0.023810 
0.247992 0.234940 0.028112 0.447791 0.041165 
0.102564 0.568376 0.091880 0.206197 0.030983 
0.064797 0.423598 0.040619 0.414894 0.056093 
0.061702 0.531915 0.094681 0.247872 0.063830 
0.034029 0.223930 0.027442 0.675082 0.039517 
0.085220 0.322237 0.061252 0.450067 0.081225 
0.088457 0.482201 0.078749 0.254585 0.096009 
0.059351 0.518477 0.025756 0.361702 0.034714 
0.042908 0.511323 0.030989 0.388558 0.026222 
0.043150 0.149946 0.017260 0.718447 0.071197 
0.087613 0.364552 0.024169 0.480363 0.043303 
0.305894 0.191057 0.022358 0.451220 0.029472 
0.109564 0.146704 0.021356 0.632312 0.090065 
0.076243 0.170166 0.083978 0.628729 0.040884 
0.023279 0.542510 0.023279 0.384615 0.026316 
0.028169 0.517876 0.023835 0.398700 0.031419 
