0.139000 0.139000 0.073000 0.082000 0.567000 
0.089159 0.255319 0.098278 0.051672 0.505572 
0.038462 0.068047 0.687377 0.094675 0.111440 
0.595305 0.112676 0.161502 0.028169 0.102347 
0.678571 0.111004 0.122587 0.042471 0.045367 
0.069133 0.111003 0.550146 0.048685 0.221032 
0.028470 0.018683 0.045374 0.015125 0.892349 
0.023000 0.025000 0.083000 0.019000 0.850000 
0.857143 0.053951 0.024316 0.035714 0.028875 
0.576000 0.073778 0.068444 0.055111 0.226667 
0.207249 0.114312 0.046468 0.167286 0.464684 
0.657534 0.040240 0.190925 0.079623 0.031678 
0.521099 0.184495 0.037291 0.138371 0.118744 
0.056135 0.087410 0.052125 0.040898 0.763432 
0.018110 0.016535 0.015748 0.030709 0.918898 
0.032661 0.068204 0.030740 0.024976 0.843420 
0.043394 0.039537 0.094503 0.038573 0.783992 
0.528069 0.043768 0.243578 0.108468 0.076118 
0.134208 0.395560 0.119072 0.070636 0.280525 
0.020548 0.015221 0.938356 0.010654 0.015221 
0.024015 0.040346 0.845341 0.033622 0.056676 
0.074114 0.293233 0.510204 0.071966 0.050483 
0.046207 0.027027 0.872711 0.018309 0.035745 
0.047131 0.026639 0.869877 0.014344 0.042008 
0.043219 0.019374 0.875559 0.029061 0.032787 
0.056208 0.030201 0.861577 0.019295 0.032718 
0.049479 0.116319 0.756076 0.051215 0.026910 
0.013962 0.020070 0.920593 0.010471 0.034904 
0.049888 0.017126 0.880119 0.015637 0.037230 
0.045234 0.013732 0.252827 0.016155 0.672052 
0.019627 0.016683 0.933268 0.009814 0.020608 
0.068144 0.084565 0.777504 0.043514 0.026273 
0.020168 0.010084 0.931933 0.015126 0.022689 
0.046916 0.036490 0.127715 0.047785 0.741095 
0.545374 0.016740 0.390308 0.018502 0.029075 
0.056326 0.058059 0.831889 0.034662 0.019064 
0.033408 0.180401 0.677060 0.045657 0.063474 
0.028155 0.113592 0.798058 0.022330 0.037864 
0.064193 0.438315 0.034102 0.387161 0.076229 
0.080662 0.188211 0.028956 0.576008 0.126163 
0.108791 0.414286 0.113187 0.290110 0.073626 
0.125402 0.534834 0.120043 0.177921 0.041801 
0.040179 0.295759 0.045759 0.558036 0.060268 
0.226734 0.148900 0.024535 0.547377 0.052453 
0.038105 0.383110 0.022657 0.515963 0.040165 
0.368000 0.445714 0.057143 0.085714 0.043429 
0.036364 0.221818 0.058182 0.637576 0.046061 
0.285015 0.200784 0.043095 0.436827 0.034280 
0.024777 0.186323 0.015857 0.704658 0.068385 
0.105948 0.549257 0.058550 0.194238 0.092007 
0.058564 0.577901 0.024309 0.155801 0.183425 
0.070994 0.274848 0.030426 0.318458 0.305274 
0.056047 0.333333 0.056047 0.528024 0.026549 
0.184843 0.187616 0.057301 0.498152 0.072089 
0.062141 0.551625 0.068834 0.231358 0.086042 
0.054054 0.737297 0.028108 0.143784 0.036757 
0.069606 0.649652 0.071926 0.110209 0.098608 
0.020022 0.459399 0.026696 0.453838 0.040044 
0.025290 0.241307 0.022129 0.678609 0.032666 
0.027132 0.091085 0.027132 0.792636 0.062016 
0.023346 0.186770 0.026265 0.684825 0.078794 
0.038117 0.507848 0.025785 0.401345 0.026906 
0.042965 0.605800 0.050483 0.186896 0.113856 
0.032536 0.223923 0.024880 0.662201 0.056459 
0.057436 0.309744 0.045128 0.502564 0.085128 
0.043841 0.605428 0.039666 0.257829 0.053236 
0.028484 0.277721 0.026450 0.620549 0.046796 
0.359155 0.199195 0.037223 0.353119 0.051308 
0.015106 0.190332 0.021148 0.725076 0.048338 
0.065373 0.216547 0.021450 0.632278 0.064351 
0.066341 0.179512 0.033171 0.643902 0.077073 
0.041837 0.080612 0.066327 0.675510 0.135714 
0.066957 0.582609 0.019130 0.225217 0.106087 
0.063415 0.717073 0.035122 0.113171 0.071220 
0.086659 0.672748 0.031927 0.134550 0.074116 
0.061644 0.616438 0.024462 0.251468 0.045988 
0.041879 0.325843 0.029622 0.506639 0.096016 
0.048045 0.652514 0.063687 0.134078 0.101676 
0.078675 0.689441 0.022774 0.145963 0.063147 
0.082329 0.374498 0.028112 0.441767 0.073293 
0.102564 0.635684 0.113248 0.111111 0.037393 
0.076402 0.669246 0.040619 0.155706 0.058027 
0.068085 0.632979 0.086170 0.148936 0.063830 
0.024149 0.491767 0.029638 0.406147 0.048299 
0.078562 0.595206 0.053262 0.178429 0.094541 
0.128371 0.648328 0.063646 0.084142 0.075512 
0.052632 0.701008 0.034714 0.162374 0.049272 
0.056019 0.755662 0.023838 0.131108 0.033373 
0.031284 0.231931 0.022654 0.654800 0.059331 
0.055388 0.613293 0.019134 0.258812 0.053374 
0.272358 0.477642 0.021341 0.201220 0.027439 
0.053853 0.508821 0.024141 0.313835 0.099350 
0.050829 0.358011 0.095028 0.461878 0.034254 
0.023279 0.825911 0.016194 0.115385 0.019231 
0.030336 0.822319 0.029252 0.088841 0.029252 
