0.111000 0.117000 0.096000 0.113000 0.563000 
0.081054 0.211753 0.124620 0.104357 0.478217 
0.050296 0.053254 0.655819 0.108481 0.132150 
0.593427 0.120188 0.153991 0.031925 0.100469 
0.702703 0.099421 0.111004 0.050193 0.036680 
0.071081 0.080818 0.595910 0.056475 0.195716 
0.013345 0.021352 0.048932 0.017794 0.898577 
0.033000 0.017000 0.079000 0.021000 0.850000 
0.860182 0.046353 0.020517 0.051672 0.021277 
0.567111 0.048000 0.071111 0.075556 0.238222 
0.154275 0.103160 0.042751 0.167286 0.532528 
0.619863 0.053938 0.227740 0.045377 0.053082 
0.184495 0.439647 0.048086 0.090285 0.237488 
0.028869 0.072173 0.044908 0.053729 0.800321 
0.017323 0.012598 0.012598 0.028346 0.929134 
0.024976 0.059558 0.019212 0.046110 0.850144 
0.024108 0.033751 0.118611 0.056895 0.766635 
0.539486 0.063749 0.205519 0.093245 0.098002 
0.087790 0.389506 0.151362 0.120081 0.251261 
0.023592 0.015982 0.924658 0.012177 0.023592 
0.042267 0.029779 0.860711 0.020173 0.047070 
0.131042 0.276047 0.451128 0.099893 0.041890 
0.037489 0.027899 0.878814 0.018309 0.037489 
0.027664 0.021516 0.883197 0.039959 0.027664 
0.049925 0.031297 0.869598 0.014903 0.034277 
0.043624 0.025168 0.856544 0.026846 0.047819 
0.046007 0.147569 0.738715 0.049479 0.018229 
0.027923 0.018325 0.909250 0.013089 0.031414 
0.036485 0.017870 0.864483 0.014147 0.067014 
0.036349 0.021002 0.326333 0.014540 0.601777 
0.018646 0.015702 0.939156 0.009814 0.016683 
0.082102 0.096880 0.724959 0.054187 0.041872 
0.018487 0.010924 0.905042 0.010084 0.055462 
0.044309 0.040834 0.116421 0.029540 0.768897 
0.557709 0.014978 0.377974 0.016740 0.032599 
0.032062 0.037262 0.864818 0.044194 0.021664 
0.026726 0.144766 0.693764 0.101336 0.033408 
0.024272 0.125243 0.794175 0.026214 0.030097 
0.051153 0.260782 0.034102 0.573721 0.080241 
0.064116 0.206825 0.040331 0.554292 0.134436 
0.079121 0.324176 0.089011 0.420879 0.086813 
0.076099 0.560557 0.103966 0.219721 0.039657 
0.078125 0.226562 0.041295 0.591518 0.062500 
0.309645 0.127750 0.019459 0.488156 0.054992 
0.030896 0.263646 0.027806 0.636457 0.041195 
0.294857 0.469714 0.052571 0.126857 0.056000 
0.048485 0.195152 0.055758 0.659394 0.041212 
0.195886 0.270323 0.053869 0.446621 0.033301 
0.036670 0.096135 0.028741 0.762141 0.076313 
0.125465 0.434015 0.051115 0.293680 0.095725 
0.043094 0.511602 0.032044 0.275138 0.138122 
0.075051 0.173428 0.041582 0.441176 0.268763 
0.056047 0.239921 0.055064 0.622419 0.026549 
0.234750 0.196858 0.060074 0.446396 0.061922 
0.034417 0.552581 0.064054 0.278203 0.070746 
0.052973 0.591351 0.020541 0.268108 0.067027 
0.096288 0.538283 0.059165 0.214617 0.091647 
0.024472 0.250278 0.021135 0.669633 0.034483 
0.029505 0.143309 0.020021 0.773446 0.033720 
0.077519 0.062984 0.021318 0.771318 0.066860 
0.055447 0.144942 0.021401 0.718872 0.059339 
0.028027 0.258969 0.024664 0.645740 0.042601 
0.060150 0.574651 0.055854 0.203008 0.106337 
0.050718 0.104306 0.038278 0.739713 0.066986 
0.083077 0.202051 0.047179 0.553846 0.113846 
0.038622 0.513570 0.025052 0.368476 0.054280 
0.025432 0.155646 0.019329 0.746694 0.052899 
0.430584 0.131791 0.044266 0.359155 0.034205 
0.044310 0.091641 0.022155 0.794562 0.047331 
0.065373 0.185904 0.017365 0.653728 0.077630 
0.050732 0.126829 0.040976 0.645854 0.135610 
0.040816 0.048980 0.046939 0.544898 0.318367 
0.066957 0.590435 0.021739 0.250435 0.070435 
0.032195 0.666341 0.053659 0.192195 0.055610 
0.053592 0.622577 0.036488 0.225770 0.061574 
0.044031 0.467710 0.040117 0.401174 0.046967 
0.043922 0.247191 0.028601 0.589377 0.090909 
0.043575 0.554190 0.065922 0.253631 0.082682 
0.085921 0.501035 0.019669 0.329193 0.064182 
0.217871 0.253012 0.035141 0.450803 0.043173 
0.072650 0.597222 0.116453 0.178419 0.035256 
0.071567 0.558027 0.037718 0.294004 0.038685 
0.073404 0.597872 0.073404 0.169149 0.086170 
0.035126 0.266740 0.026345 0.634468 0.037322 
0.075899 0.431425 0.051931 0.362184 0.078562 
0.084142 0.551241 0.064725 0.196332 0.103560 
0.035834 0.590146 0.036954 0.286674 0.050392 
0.034565 0.648391 0.022646 0.238379 0.056019 
0.064725 0.144552 0.023732 0.719525 0.047465 
0.049345 0.476334 0.019134 0.393756 0.061430 
0.265244 0.281504 0.030488 0.375000 0.047764 
0.064995 0.285980 0.029712 0.519963 0.099350 
0.067403 0.260773 0.072928 0.562431 0.036464 
0.019231 0.700405 0.013158 0.241903 0.025304 
0.036836 0.728061 0.029252 0.172264 0.033586 
