0.094000 0.161000 0.068000 0.066000 0.611000 
0.059777 0.226950 0.078014 0.085106 0.550152 
0.060158 0.078895 0.623274 0.080868 0.156805 
0.583099 0.115493 0.145540 0.040376 0.115493 
0.690154 0.138031 0.110039 0.036680 0.025097 
0.083739 0.088608 0.570594 0.047712 0.209348 
0.022242 0.015125 0.032918 0.021352 0.908363 
0.031000 0.022000 0.095000 0.019000 0.833000 
0.844225 0.067629 0.026596 0.030395 0.031155 
0.539556 0.041778 0.088000 0.079111 0.251556 
0.217472 0.082714 0.041822 0.158922 0.499071 
0.642979 0.027397 0.194349 0.071062 0.064212 
0.527969 0.182532 0.043180 0.101079 0.145240 
0.058540 0.070569 0.032077 0.034483 0.804330 
0.018898 0.012598 0.011811 0.021260 0.935433 
0.020173 0.054755 0.039385 0.040346 0.845341 
0.050145 0.033751 0.132112 0.043394 0.740598 
0.591817 0.046622 0.223597 0.085633 0.052331 
0.124117 0.366297 0.176589 0.084763 0.248234 
0.028919 0.019787 0.920091 0.011416 0.019787 
0.024015 0.034582 0.862632 0.032661 0.046110 
0.054780 0.281418 0.528464 0.061224 0.074114 
0.039233 0.024412 0.899738 0.015693 0.020924 
0.030738 0.021516 0.876025 0.035861 0.035861 
0.047690 0.038003 0.853949 0.023100 0.037258 
0.071309 0.026846 0.853188 0.018456 0.030201 
0.049479 0.102431 0.763889 0.057292 0.026910 
0.017452 0.019197 0.917103 0.013962 0.032286 
0.049144 0.020104 0.865972 0.011914 0.052867 
0.024233 0.017771 0.261712 0.024233 0.672052 
0.016683 0.016683 0.940137 0.011776 0.014720 
0.065681 0.069787 0.775862 0.041872 0.046798 
0.021008 0.011765 0.917647 0.015126 0.034454 
0.054735 0.041703 0.134666 0.030408 0.738488 
0.568282 0.021145 0.372687 0.014978 0.022907 
0.035529 0.038995 0.849220 0.053726 0.022530 
0.026726 0.210468 0.641425 0.060134 0.061247 
0.033981 0.087379 0.809709 0.026214 0.042718 
0.032096 0.428285 0.047141 0.422267 0.070211 
0.074457 0.195450 0.034126 0.604964 0.091003 
0.073626 0.468132 0.095604 0.301099 0.061538 
0.124330 0.468382 0.118971 0.257235 0.031083 
0.041295 0.296875 0.035714 0.579241 0.046875 
0.286802 0.175973 0.016920 0.479695 0.040609 
0.039135 0.388260 0.026777 0.498455 0.047374 
0.323429 0.493714 0.058286 0.083429 0.041143 
0.041212 0.216970 0.058182 0.631515 0.052121 
0.296768 0.223310 0.036239 0.413320 0.030362 
0.029732 0.140733 0.018831 0.740337 0.070367 
0.092007 0.568773 0.052045 0.170074 0.117100 
0.055249 0.562431 0.027624 0.185635 0.169061 
0.067951 0.231237 0.034483 0.346856 0.319473 
0.084562 0.340216 0.039331 0.513274 0.022616 
0.243068 0.185767 0.059150 0.452865 0.059150 
0.063098 0.554493 0.065010 0.247610 0.069790 
0.055135 0.685405 0.056216 0.166486 0.036757 
0.064965 0.622970 0.095128 0.113689 0.103248 
0.030033 0.413793 0.023359 0.491657 0.041157 
0.020021 0.218124 0.013699 0.719705 0.028451 
0.048450 0.082364 0.015504 0.777132 0.076550 
0.029183 0.151751 0.026265 0.729572 0.063230 
0.034753 0.442825 0.028027 0.457399 0.036996 
0.071966 0.590763 0.052632 0.187970 0.096670 
0.032536 0.186603 0.026794 0.676555 0.077512 
0.095385 0.282051 0.036923 0.511795 0.073846 
0.049061 0.567850 0.045929 0.280793 0.056367 
0.031536 0.231943 0.021363 0.646999 0.068159 
0.351107 0.186117 0.042254 0.384306 0.036217 
0.019134 0.158107 0.028197 0.751259 0.043303 
0.041879 0.205312 0.016343 0.661900 0.074566 
0.056585 0.175610 0.044878 0.654634 0.068293 
0.064286 0.079592 0.078571 0.669388 0.108163 
0.056522 0.558261 0.031304 0.253913 0.100000 
0.044878 0.740488 0.052683 0.111220 0.050732 
0.104903 0.639681 0.037628 0.151653 0.066135 
0.063601 0.560665 0.031311 0.288650 0.055773 
0.056180 0.337079 0.029622 0.496425 0.080695 
0.061453 0.624581 0.067039 0.170950 0.075978 
0.046584 0.685300 0.033126 0.173913 0.061077 
0.098394 0.323293 0.033133 0.478916 0.066265 
0.086538 0.658120 0.107906 0.097222 0.050214 
0.089942 0.603482 0.055126 0.202128 0.049323 
0.053191 0.648936 0.088298 0.155319 0.054255 
0.026345 0.454446 0.023052 0.453348 0.042810 
0.059920 0.560586 0.058589 0.215712 0.105193 
0.117584 0.622438 0.069040 0.100324 0.090615 
0.041433 0.690929 0.032475 0.197088 0.038074 
0.041716 0.740167 0.023838 0.158522 0.035757 
0.040992 0.213592 0.023732 0.680690 0.040992 
0.060423 0.558912 0.032226 0.275932 0.072508 
0.318089 0.402439 0.023374 0.234756 0.021341 
0.038997 0.445682 0.028784 0.379759 0.106778 
0.067403 0.338122 0.086188 0.465193 0.043094 
0.018219 0.794534 0.020243 0.143725 0.023279 
0.024919 0.817985 0.032503 0.085590 0.039003 
