0.130000 0.116000 0.108000 0.082000 0.564000 
0.087133 0.237082 0.100304 0.055724 0.519757 
0.043393 0.075937 0.663708 0.059172 0.157791 
0.580282 0.102347 0.164319 0.035681 0.117371 
0.711390 0.110039 0.121622 0.028958 0.027992 
0.075949 0.062317 0.593963 0.054528 0.213242 
0.026690 0.025801 0.041815 0.016014 0.889680 
0.029000 0.023000 0.070000 0.021000 0.857000 
0.837386 0.071429 0.029635 0.034954 0.026596 
0.550222 0.048889 0.086222 0.088000 0.226667 
0.364312 0.079926 0.026952 0.198885 0.329926 
0.682363 0.035103 0.178082 0.060788 0.043664 
0.502453 0.154073 0.047105 0.157017 0.139352 
0.060946 0.072173 0.037690 0.028067 0.801123 
0.016535 0.012598 0.013386 0.039370 0.918110 
0.035543 0.051873 0.039385 0.039385 0.833814 
0.035680 0.039537 0.111861 0.040501 0.772420 
0.538535 0.054234 0.223597 0.086584 0.097050 
0.121090 0.343088 0.169526 0.069627 0.296670 
0.022831 0.014460 0.929224 0.009132 0.024353 
0.025937 0.034582 0.848223 0.031700 0.059558 
0.166488 0.285714 0.442535 0.055854 0.049409 
0.038361 0.033130 0.863993 0.022668 0.041848 
0.029713 0.024590 0.886270 0.025615 0.033811 
0.052906 0.018629 0.850969 0.023100 0.054396 
0.063758 0.019295 0.863255 0.013423 0.040268 
0.036458 0.124132 0.763021 0.058160 0.018229 
0.020070 0.015707 0.926702 0.009599 0.027923 
0.026806 0.014892 0.892033 0.012658 0.053611 
0.031502 0.019386 0.279483 0.011309 0.658320 
0.019627 0.017664 0.921492 0.012758 0.028459 
0.112479 0.074713 0.736453 0.032020 0.044335 
0.012605 0.015126 0.925210 0.011765 0.035294 
0.044309 0.040834 0.125977 0.033015 0.755864 
0.544493 0.011454 0.405286 0.014097 0.024670 
0.033795 0.043328 0.848354 0.043328 0.031196 
0.037862 0.188196 0.674833 0.032294 0.066815 
0.034951 0.091262 0.800971 0.029126 0.043689 
0.041123 0.447342 0.039117 0.393180 0.079238 
0.068252 0.202689 0.034126 0.567735 0.127198 
0.084615 0.420879 0.092308 0.335165 0.067033 
0.129689 0.519829 0.117899 0.204716 0.027867 
0.046875 0.226562 0.058036 0.633929 0.034598 
0.119289 0.139594 0.023689 0.673435 0.043993 
0.025747 0.474768 0.036045 0.404737 0.058702 
0.393143 0.436571 0.037714 0.085714 0.046857 
0.042424 0.227879 0.061818 0.609697 0.058182 
0.138100 0.243879 0.066601 0.502449 0.048972 
0.026759 0.135778 0.020813 0.735382 0.081269 
0.085502 0.570632 0.059480 0.200743 0.083643 
0.054144 0.566851 0.037569 0.191160 0.150276 
0.084178 0.206897 0.040568 0.363083 0.305274 
0.049164 0.320551 0.047198 0.552606 0.030482 
0.216266 0.184843 0.044362 0.495379 0.059150 
0.050669 0.558317 0.074570 0.250478 0.065966 
0.065946 0.670270 0.041081 0.174054 0.048649 
0.095128 0.621810 0.083527 0.088167 0.111369 
0.032258 0.506118 0.022247 0.399333 0.040044 
0.029505 0.245522 0.013699 0.682824 0.028451 
0.037791 0.080426 0.022287 0.790698 0.068798 
0.032101 0.186770 0.024319 0.711089 0.045720 
0.025785 0.519058 0.029148 0.381166 0.044843 
0.063373 0.563910 0.053706 0.175081 0.143931 
0.031579 0.240191 0.031579 0.640191 0.056459 
0.058462 0.270769 0.068718 0.513846 0.088205 
0.053236 0.581420 0.044885 0.252610 0.067850 
0.021363 0.248220 0.019329 0.674466 0.036623 
0.327968 0.182093 0.043260 0.400402 0.046278 
0.015106 0.207452 0.018127 0.721047 0.038268 
0.068437 0.229826 0.029622 0.615935 0.056180 
0.076098 0.189268 0.026341 0.605854 0.102439 
0.044898 0.098980 0.067347 0.662245 0.126531 
0.055652 0.580000 0.019130 0.251304 0.093913 
0.033171 0.759024 0.058537 0.097561 0.051707 
0.094641 0.675029 0.043330 0.123147 0.063854 
0.058708 0.589041 0.037182 0.262231 0.052838 
0.056180 0.302349 0.038815 0.494382 0.108274 
0.054749 0.677095 0.072626 0.116201 0.079330 
0.073499 0.693582 0.031056 0.145963 0.055901 
0.071285 0.379518 0.030120 0.456827 0.062249 
0.113248 0.662393 0.112179 0.086538 0.025641 
0.120890 0.620890 0.044487 0.168279 0.045455 
0.062766 0.628723 0.125532 0.125532 0.057447 
0.027442 0.564215 0.026345 0.351262 0.030735 
0.057257 0.585885 0.046605 0.210386 0.099867 
0.105717 0.622438 0.067961 0.104639 0.099245 
0.057111 0.689810 0.032475 0.156775 0.063830 
0.058403 0.724672 0.025030 0.143027 0.048868 
0.036677 0.250270 0.017260 0.640777 0.055016 
0.046324 0.614300 0.034240 0.263847 0.041289 
0.244919 0.477642 0.027439 0.223577 0.026423 
0.064067 0.519963 0.021356 0.304550 0.090065 
0.086188 0.364641 0.100552 0.408840 0.039779 
0.018219 0.825911 0.023279 0.117409 0.015182 
0.042254 0.825569 0.031419 0.069339 0.031419 
