0.094000 0.117000 0.091000 0.102000 0.596000 
0.079027 0.260385 0.092199 0.045593 0.522796 
0.042406 0.074951 0.684418 0.071992 0.126233 
0.605634 0.106103 0.145540 0.025352 0.117371 
0.682432 0.123552 0.119691 0.032819 0.041506 
0.088608 0.069133 0.581305 0.037001 0.223953 
0.033808 0.019573 0.032028 0.026690 0.887900 
0.025000 0.031000 0.089000 0.017000 0.838000 
0.844985 0.075988 0.029635 0.019757 0.029635 
0.514667 0.056000 0.101333 0.066667 0.261333 
0.247212 0.095725 0.029740 0.194238 0.433086 
0.661815 0.040240 0.177226 0.054795 0.065925 
0.522080 0.190383 0.047105 0.100098 0.140334 
0.060144 0.107458 0.028869 0.034483 0.769046 
0.011024 0.013386 0.014173 0.025984 0.935433 
0.027858 0.065322 0.034582 0.025937 0.846302 
0.038573 0.029894 0.124397 0.056895 0.750241 
0.554710 0.043768 0.220742 0.087536 0.093245 
0.161453 0.375378 0.172553 0.075681 0.214934 
0.023592 0.013699 0.923135 0.012177 0.027397 
0.023055 0.043228 0.867435 0.025937 0.040346 
0.105263 0.294307 0.504834 0.061224 0.034372 
0.038361 0.017437 0.885789 0.027899 0.030514 
0.032787 0.034836 0.884221 0.015369 0.032787 
0.046200 0.022355 0.865127 0.023845 0.042474 
0.062919 0.016779 0.869966 0.018456 0.031879 
0.043403 0.123264 0.758681 0.055556 0.019097 
0.020070 0.015707 0.921466 0.013089 0.029668 
0.034996 0.017870 0.889054 0.017126 0.040953 
0.028271 0.016155 0.254443 0.015347 0.685784 
0.020608 0.021590 0.931305 0.010795 0.015702 
0.074713 0.081281 0.743021 0.049261 0.051724 
0.014286 0.014286 0.931933 0.010924 0.028571 
0.048653 0.029540 0.137272 0.032146 0.752389 
0.559471 0.016740 0.381498 0.014978 0.027313 
0.038995 0.047660 0.846620 0.037262 0.029463 
0.034521 0.181514 0.675947 0.061247 0.046771 
0.033010 0.089320 0.806796 0.027184 0.043689 
0.047141 0.421264 0.035105 0.429288 0.067202 
0.068252 0.201655 0.048604 0.578077 0.103413 
0.120879 0.419780 0.097802 0.297802 0.063736 
0.118971 0.551983 0.124330 0.166131 0.038585 
0.064732 0.267857 0.052455 0.562500 0.052455 
0.186971 0.156514 0.031303 0.571912 0.053299 
0.031926 0.421215 0.017508 0.467559 0.061792 
0.381714 0.421714 0.041143 0.094857 0.060571 
0.048485 0.215758 0.053333 0.618182 0.064242 
0.288932 0.194907 0.058766 0.429971 0.027424 
0.034688 0.152626 0.018831 0.722498 0.071358 
0.101301 0.548327 0.055762 0.173792 0.120818 
0.060773 0.554696 0.047514 0.177901 0.159116 
0.049696 0.291075 0.057809 0.356998 0.244422 
0.048181 0.337266 0.064897 0.515241 0.034415 
0.168207 0.144177 0.074861 0.540665 0.072089 
0.062141 0.548757 0.067878 0.245698 0.075526 
0.058378 0.713514 0.037838 0.134054 0.056216 
0.081206 0.658933 0.100928 0.098608 0.060325 
0.023359 0.469410 0.016685 0.450501 0.040044 
0.027397 0.205479 0.015806 0.723920 0.027397 
0.037791 0.083333 0.017442 0.796512 0.064922 
0.035992 0.187743 0.034047 0.679961 0.062257 
0.031390 0.492152 0.023543 0.413677 0.039238 
0.061224 0.585392 0.080559 0.177229 0.095596 
0.031579 0.204785 0.034450 0.666986 0.062201 
0.050256 0.261538 0.043077 0.552821 0.092308 
0.045929 0.577244 0.050104 0.280793 0.045929 
0.025432 0.270600 0.020346 0.643947 0.039674 
0.376258 0.215292 0.040241 0.340040 0.028169 
0.021148 0.172205 0.025176 0.742195 0.039275 
0.057201 0.202247 0.031665 0.654750 0.054137 
0.077073 0.170732 0.034146 0.617561 0.100488 
0.060204 0.091837 0.072449 0.653061 0.122449 
0.057391 0.563478 0.016522 0.274783 0.087826 
0.050732 0.722927 0.071220 0.117073 0.038049 
0.094641 0.672748 0.036488 0.137970 0.058153 
0.083170 0.557730 0.031311 0.263209 0.064579 
0.072523 0.282942 0.031665 0.528090 0.084780 
0.058101 0.668156 0.083799 0.101676 0.088268 
0.072464 0.684265 0.022774 0.179089 0.041408 
0.086345 0.392570 0.023092 0.444779 0.053213 
0.116453 0.630342 0.108974 0.100427 0.043803 
0.092843 0.653772 0.054159 0.151838 0.047389 
0.036170 0.624468 0.103191 0.151064 0.085106 
0.040615 0.504940 0.017563 0.398463 0.038419 
0.097204 0.605859 0.058589 0.153129 0.085220 
0.103560 0.673139 0.069040 0.080906 0.073355 
0.047032 0.688690 0.045913 0.174692 0.043673 
0.047676 0.762813 0.025030 0.114422 0.050060 
0.032362 0.244876 0.037756 0.650485 0.034520 
0.050352 0.617321 0.027190 0.247734 0.057402 
0.288618 0.460366 0.030488 0.191057 0.029472 
0.075209 0.546890 0.013928 0.268338 0.095636 
0.055249 0.370166 0.090608 0.446409 0.037569 
0.024291 0.826923 0.023279 0.106275 0.019231 
0.041170 0.846154 0.024919 0.054171 0.033586 
