0.111000 0.138000 0.074000 0.088000 0.589000 
0.087133 0.232016 0.081054 0.092199 0.507599 
0.043393 0.064103 0.660750 0.088757 0.142998 
0.580282 0.132394 0.162441 0.032864 0.092019 
0.692085 0.130309 0.112934 0.034749 0.029923 
0.073028 0.102240 0.607595 0.029211 0.187926 
0.015125 0.016014 0.059609 0.024021 0.885231 
0.030000 0.017000 0.069000 0.031000 0.853000 
0.839666 0.060030 0.027356 0.036474 0.036474 
0.538667 0.046222 0.099556 0.080000 0.235556 
0.210967 0.091078 0.028810 0.184944 0.484201 
0.649829 0.035103 0.222603 0.053938 0.038527 
0.558391 0.183513 0.036310 0.086359 0.135427 
0.039294 0.081796 0.036889 0.031275 0.810746 
0.014961 0.015748 0.017323 0.021260 0.930709 
0.029779 0.070125 0.035543 0.024976 0.839577 
0.044359 0.041466 0.101254 0.051109 0.761813 
0.579448 0.045671 0.196955 0.103711 0.074215 
0.152371 0.325933 0.147326 0.088799 0.285570 
0.026636 0.020548 0.916286 0.012177 0.024353 
0.040346 0.027858 0.841499 0.043228 0.047070 
0.056928 0.272825 0.545650 0.067669 0.056928 
0.036617 0.022668 0.890148 0.020924 0.029643 
0.061475 0.024590 0.860656 0.025615 0.027664 
0.035768 0.023100 0.866617 0.028316 0.046200 
0.077181 0.023490 0.858221 0.017617 0.023490 
0.066840 0.100694 0.761285 0.044271 0.026910 
0.017452 0.013089 0.928447 0.015707 0.025305 
0.034996 0.014147 0.883098 0.013403 0.054356 
0.042811 0.019386 0.265751 0.012924 0.659128 
0.017664 0.017664 0.938175 0.012758 0.013739 
0.074713 0.086207 0.753695 0.035304 0.050082 
0.021849 0.011765 0.924370 0.015126 0.026891 
0.038228 0.020851 0.147698 0.036490 0.756733 
0.552423 0.015859 0.390308 0.020264 0.021145 
0.046794 0.043328 0.849220 0.029463 0.031196 
0.036748 0.193764 0.684855 0.047884 0.036748 
0.032039 0.104854 0.800971 0.027184 0.034951 
0.043129 0.416249 0.037111 0.434303 0.069208 
0.061013 0.184074 0.033092 0.614271 0.107549 
0.052747 0.426374 0.097802 0.356044 0.067033 
0.126474 0.509110 0.111468 0.216506 0.036442 
0.052455 0.271205 0.042411 0.600446 0.033482 
0.258037 0.132826 0.017766 0.548223 0.043147 
0.052523 0.411946 0.033986 0.458290 0.043254 
0.357714 0.483429 0.052571 0.061714 0.044571 
0.058182 0.209697 0.037576 0.618182 0.076364 
0.300686 0.208619 0.049951 0.402547 0.038198 
0.044599 0.157582 0.014866 0.711596 0.071358 
0.085502 0.560409 0.038104 0.178439 0.137546 
0.048619 0.604420 0.027624 0.164641 0.154696 
0.099391 0.210953 0.032454 0.341785 0.315416 
0.074730 0.347099 0.046214 0.513274 0.018682 
0.243068 0.174677 0.063771 0.469501 0.048983 
0.041109 0.571702 0.072658 0.231358 0.083174 
0.047568 0.735135 0.027027 0.138378 0.051892 
0.091647 0.618329 0.081206 0.121810 0.087007 
0.023359 0.418242 0.017798 0.492770 0.047831 
0.037935 0.213909 0.014752 0.707060 0.026344 
0.042636 0.088178 0.013566 0.791667 0.063953 
0.036965 0.176070 0.034047 0.696498 0.056420 
0.033632 0.492152 0.028027 0.411435 0.034753 
0.059076 0.572503 0.068743 0.189044 0.110634 
0.025837 0.195215 0.032536 0.686124 0.060287 
0.097436 0.307692 0.047179 0.472821 0.074872 
0.039666 0.613779 0.039666 0.259916 0.046973 
0.037640 0.261445 0.015259 0.645982 0.039674 
0.349095 0.179074 0.040241 0.400402 0.031187 
0.020141 0.173212 0.014099 0.756294 0.036254 
0.038815 0.236977 0.029622 0.633299 0.061287 
0.069268 0.195122 0.032195 0.638049 0.065366 
0.047959 0.075510 0.081633 0.642857 0.152041 
0.048696 0.587826 0.021739 0.249565 0.092174 
0.052683 0.729756 0.055610 0.111220 0.050732 
0.062714 0.710376 0.041049 0.118586 0.067275 
0.048924 0.601761 0.036204 0.265166 0.047945 
0.069459 0.287028 0.031665 0.525026 0.086823 
0.054749 0.661453 0.079330 0.139665 0.064804 
0.069358 0.715321 0.026915 0.134576 0.053830 
0.099398 0.359438 0.026104 0.465863 0.049197 
0.096154 0.668803 0.136752 0.068376 0.029915 
0.090909 0.580271 0.043520 0.209865 0.075435 
0.060638 0.615957 0.110638 0.143617 0.069149 
0.040615 0.469813 0.028540 0.419319 0.041712 
0.073236 0.627164 0.041278 0.185087 0.073236 
0.139159 0.608414 0.062567 0.112190 0.077670 
0.058231 0.680851 0.024636 0.180291 0.055991 
0.047676 0.761621 0.016687 0.133492 0.040524 
0.051780 0.230852 0.022654 0.658037 0.036677 
0.053374 0.555891 0.033233 0.304129 0.053374 
0.258130 0.458333 0.021341 0.221545 0.040650 
0.056639 0.493965 0.020427 0.336119 0.092851 
0.045304 0.349171 0.092818 0.477348 0.035359 
0.026316 0.819838 0.023279 0.097166 0.033401 
0.032503 0.847237 0.037920 0.049837 0.032503 
