0.110000 0.144000 0.088000 0.093000 0.565000 
0.062817 0.245187 0.078014 0.107396 0.506586 
0.033531 0.062130 0.674556 0.103550 0.126233 
0.564319 0.130516 0.159624 0.028169 0.117371 
0.686293 0.083977 0.128378 0.055019 0.046332 
0.115871 0.073028 0.596884 0.073028 0.141188 
0.019573 0.018683 0.028470 0.021352 0.911922 
0.024000 0.030000 0.081000 0.027000 0.838000 
0.844985 0.051672 0.033435 0.046353 0.023556 
0.524444 0.061333 0.102222 0.079111 0.232889 
0.179368 0.068773 0.046468 0.210037 0.495353 
0.643836 0.045377 0.190068 0.069349 0.051370 
0.431796 0.247301 0.048086 0.102061 0.170756 
0.048115 0.068164 0.032879 0.037690 0.813152 
0.020472 0.017323 0.018110 0.021260 0.922835 
0.025937 0.060519 0.037464 0.035543 0.840538 
0.035680 0.034716 0.095468 0.037608 0.796528 
0.572788 0.029496 0.222645 0.086584 0.088487 
0.125126 0.430878 0.121090 0.094854 0.228052 
0.022070 0.017504 0.917047 0.013699 0.029680 
0.015370 0.041306 0.858790 0.024976 0.059558 
0.105263 0.258861 0.468314 0.088077 0.079484 
0.034874 0.023540 0.884045 0.027027 0.030514 
0.026639 0.026639 0.889344 0.025615 0.031762 
0.043964 0.026826 0.852459 0.026826 0.049925 
0.044463 0.015101 0.874161 0.024329 0.041946 
0.059028 0.105903 0.750000 0.060764 0.024306 
0.011344 0.013089 0.938045 0.013089 0.024433 
0.036485 0.017126 0.873418 0.013403 0.059568 
0.025040 0.010501 0.283522 0.012924 0.668013 
0.018646 0.017664 0.935231 0.011776 0.016683 
0.072250 0.109195 0.749589 0.040230 0.028736 
0.015966 0.014286 0.935294 0.010924 0.023529 
0.023458 0.023458 0.141616 0.039096 0.772372 
0.555947 0.016740 0.378855 0.020264 0.028194 
0.054593 0.039861 0.839688 0.040728 0.025130 
0.037862 0.135857 0.704900 0.074610 0.046771 
0.036893 0.095146 0.802913 0.025243 0.039806 
0.028084 0.348044 0.038114 0.521565 0.064193 
0.072389 0.184074 0.032058 0.595657 0.115822 
0.080220 0.369231 0.086813 0.395604 0.068132 
0.102894 0.479100 0.132905 0.236870 0.048232 
0.083705 0.213170 0.034598 0.617188 0.051339 
0.311337 0.130288 0.015228 0.502538 0.040609 
0.052523 0.269825 0.036045 0.593203 0.048404 
0.314286 0.452571 0.064000 0.113143 0.056000 
0.059394 0.173333 0.041212 0.672727 0.053333 
0.254652 0.213516 0.043095 0.459354 0.029383 
0.027750 0.144698 0.020813 0.739346 0.067393 
0.094796 0.514870 0.048327 0.251859 0.090149 
0.057459 0.534807 0.045304 0.218785 0.143646 
0.059838 0.224138 0.037525 0.374239 0.304260 
0.081613 0.293019 0.053097 0.548673 0.023599 
0.320702 0.143253 0.049908 0.414972 0.071165 
0.049713 0.564054 0.063098 0.248566 0.074570 
0.057297 0.668108 0.024865 0.202162 0.047568 
0.067285 0.596288 0.076566 0.167053 0.092807 
0.030033 0.319244 0.013348 0.596218 0.041157 
0.029505 0.186512 0.016860 0.735511 0.031612 
0.055233 0.041667 0.018411 0.808140 0.076550 
0.061284 0.161479 0.025292 0.706226 0.045720 
0.026906 0.394619 0.022422 0.507848 0.048206 
0.042965 0.557465 0.060150 0.242750 0.096670 
0.030622 0.165550 0.034450 0.696651 0.072727 
0.082051 0.223590 0.068718 0.529231 0.096410 
0.034447 0.525052 0.046973 0.338205 0.055324 
0.026450 0.231943 0.018311 0.670397 0.052899 
0.366197 0.146881 0.032193 0.419517 0.035211 
0.022155 0.123867 0.014099 0.793555 0.046324 
0.049030 0.154239 0.030644 0.707865 0.058223 
0.035122 0.145366 0.031220 0.677073 0.111220 
0.048980 0.078571 0.057143 0.654082 0.161224 
0.070435 0.601739 0.018261 0.221739 0.087826 
0.043902 0.694634 0.062439 0.159024 0.040000 
0.059293 0.648803 0.038769 0.190422 0.062714 
0.065558 0.539139 0.026419 0.307241 0.061644 
0.055158 0.276813 0.042901 0.545455 0.079673 
0.048045 0.585475 0.073743 0.203352 0.089385 
0.057971 0.631470 0.024845 0.238095 0.047619 
0.105422 0.327309 0.039157 0.469880 0.058233 
0.123932 0.581197 0.102564 0.145299 0.047009 
0.066731 0.608317 0.039652 0.225338 0.059961 
0.058511 0.606383 0.085106 0.182979 0.067021 
0.040615 0.352360 0.023052 0.544457 0.039517 
0.058589 0.548602 0.053262 0.268975 0.070573 
0.113269 0.569579 0.070119 0.167206 0.079827 
0.032475 0.674132 0.036954 0.209406 0.047032 
0.030989 0.699642 0.026222 0.189511 0.053635 
0.034520 0.203883 0.023732 0.686084 0.051780 
0.057402 0.545821 0.020141 0.306143 0.070493 
0.257114 0.385163 0.027439 0.308943 0.021341 
0.045497 0.353760 0.025070 0.442897 0.132776 
0.082873 0.266298 0.072928 0.545856 0.032044 
0.033401 0.768219 0.015182 0.152834 0.030364 
0.031419 0.765980 0.022752 0.130011 0.049837 
